13 0 7 2
0 19 2 3
0 38 3 2
60 0 6 2
86 0 2 3
121 0 6 3
129 0 5 2
0 140 2 2
144 0 8 3
147 0 6 2
0 162 5 1
174 0 2 1
178 0 3 5
181 0 3 3
4 1 7 5
18 1 6 1
1 26 5 5
1 27 7 1
29 1 7 5
1 35 7 5
1 37 3 4
1 41 3 4
42 1 3 2
43 1 8 4
1 48 7 1
1 58 1 1
59 1 3 3
1 67 6 2
1 71 7 3
1 72 6 4
82 1 6 3
1 93 4 2
96 1 2 4
104 1 5 5
107 1 6 5
1 115 7 2
1 118 4 5
1 119 2 2
1 124 7 1
1 136 3 4
137 1 7 5
1 139 4 5
1 148 6 4
1 155 5 5
1 180 8 3
1 183 3 3
185 1 2 4
1 187 5 4
191 1 8 1
193 1 8 3
1 195 6 1
2 53 2 4
61 2 7 3
2 64 5 5
68 2 4 2
76 2 7 5
87 2 7 2
2 89 4 4
111 2 6 4
2 117 8 2
123 2 8 2
2 128 7 1
135 2 4 2
2 156 5 4
0 3 7 1
3 7 3 2
13 3 3 2
19 3 1 4
23 3 8 1
24 3 1 4
34 3 4 5
3 38 4 4
3 45 1 3
3 49 1 1
52 3 7 4
3 54 1 1
3 77 6 3
3 79 5 3
3 84 1 2
3 86 7 3
3 99 1 5
3 116 3 2
121 3 5 3
3 129 6 4
144 3 8 2
3 150 2 3
3 162 6 3
172 3 3 2
174 3 6 4
3 175 2 1
176 3 8 3
3 189 4 3
4 11 5 3
4 15 1 3
4 16 4 1
4 20 7 1
27 4 5 5
4 28 5 3
30 4 8 3
33 4 1 4
4 37 1 4
43 4 5 5
48 4 8 4
53 4 1 1
4 72 2 3
85 4 3 5
4 92 6 3
4 102 7 2
4 104 1 1
105 4 2 4
4 106 1 5
4 107 2 5
4 112 3 3
113 4 5 3
4 115 1 3
117 4 8 5
4 118 7 1
4 139 7 1
164 4 7 4
167 4 8 2
4 170 6 3
177 4 4 5
182 4 3 3
186 4 4 2
191 4 1 2
193 4 2 5
1 5 7 5
5 26 3 3
29 5 4 3
5 31 1 3
5 35 7 3
5 41 2 1
55 5 1 5
5 58 8 1
5 59 7 3
66 5 3 2
5 67 4 5
5 71 4 3
108 5 1 5
5 109 5 3
110 5 1 4
5 112 8 4
5 132 3 5
134 5 8 5
148 5 3 5
5 155 7 5
163 5 1 2
5 167 2 1
180 5 1 1
5 187 2 5
6 65 4 5
66 6 4 2
80 6 5 3
81 6 6 1
103 6 4 2
109 6 2 1
138 6 4 4
6 157 2 2
6 187 2 2
16 7 2 2
7 18 7 1
22 7 5 1
24 7 1 1
7 27 7 2
32 7 5 1
34 7 4 3
7 37 3 5
42 7 1 3
7 43 4 2
7 46 4 2
48 7 6 4
49 7 3 1
72 7 2 2
73 7 2 1
78 7 1 4
7 84 6 1
86 7 1 3
7 97 4 3
7 99 7 3
100 7 2 1
113 7 6 5
7 126 1 1
7 127 3 1
7 129 6 1
7 136 7 1
7 139 3 2
140 7 4 2
7 141 5 5
147 7 8 2
7 154 3 1
159 7 4 2
7 162 7 2
164 7 4 1
177 7 8 5
7 178 6 2
194 7 5 5
8 13 8 2
8 20 5 2
24 8 1 2
32 8 1 2
8 39 4 1
8 49 1 1
8 57 5 1
62 8 3 2
63 8 5 2
8 74 6 3
76 8 2 3
79 8 4 3
8 91 4 2
8 94 6 2
97 8 3 4
125 8 3 4
129 8 4 3
8 131 1 3
8 166 6 2
168 8 7 3
175 8 4 2
8 189 6 2
8 190 1 4
197 8 1 3
5 9 5 3
10 9 6 1
9 14 4 1
9 22 8 2
9 25 3 2
34 9 8 4
36 9 3 5
40 9 6 2
46 9 1 2
47 9 3 2
9 65 8 1
99 9 1 3
9 100 1 2
109 9 4 5
9 120 4 3
136 9 2 4
9 138 4 4
9 143 3 1
146 9 5 4
148 9 7 2
9 152 8 3
9 154 1 3
169 9 8 2
9 180 5 1
9 182 3 5
187 9 3 3
9 191 7 5
9 192 5 4
9 194 4 3
14 10 6 5
10 16 5 4
10 18 3 1
23 10 1 2
10 25 7 5
10 27 6 4
34 10 8 5
46 10 5 5
47 10 6 4
78 10 3 1
10 84 5 5
100 10 1 1
103 10 1 3
10 105 1 2
10 110 4 2
120 10 6 1
121 10 6 2
126 10 6 2
10 130 2 3
10 133 3 3
10 138 7 1
10 143 7 2
10 146 3 4
10 153 5 1
10 154 6 3
10 159 2 4
174 10 4 5
10 187 7 3
10 191 1 2
10 192 6 2
194 10 4 4
11 15 3 1
11 16 2 5
11 20 6 2
11 24 1 5
28 11 1 3
11 33 6 2
11 37 3 5
11 43 4 1
11 48 1 5
53 11 3 4
63 11 6 2
11 72 4 2
11 74 1 5
76 11 8 3
83 11 6 4
85 11 6 1
89 11 4 3
11 94 8 2
11 95 8 3
97 11 6 5
104 11 1 2
11 105 2 4
11 106 6 5
111 11 2 4
113 11 1 3
11 115 8 3
119 11 3 2
124 11 5 3
11 135 7 4
151 11 4 1
154 11 7 4
161 11 3 4
11 164 8 5
11 166 8 5
11 185 3 4
11 189 3 3
11 193 8 2
11 198 3 2
12 28 8 5
30 12 6 3
35 12 3 5
41 12 5 3
44 12 7 4
51 12 6 4
12 88 7 2
12 111 4 1
12 117 5 2
128 12 3 1
142 12 8 1
12 145 4 3
12 149 8 1
179 12 7 4
12 195 8 1
20 13 8 3
21 13 2 4
13 24 6 4
32 13 1 2
33 13 7 5
52 13 6 1
57 13 5 5
60 13 3 5
13 62 1 5
63 13 4 3
13 74 6 2
77 13 4 2
13 79 4 3
13 97 1 3
13 106 8 3
13 114 1 4
13 125 7 5
13 129 7 3
13 131 7 5
140 13 2 3
13 141 1 2
161 13 3 5
172 13 3 5
174 13 4 5
13 175 2 4
176 13 1 2
178 13 8 2
189 13 6 3
196 13 6 3
14 7 1 2
22 14 6 4
14 23 5 4
14 25 1 2
27 14 4 4
14 37 6 1
40 14 2 5
14 43 2 1
46 14 7 4
47 14 5 3
48 14 1 4
71 14 7 4
14 73 5 3
14 84 4 2
14 99 3 3
14 100 6 2
103 14 4 4
14 109 2 3
14 121 1 5
126 14 4 2
14 127 1 1
130 14 4 4
14 133 5 5
14 138 1 5
14 143 5 3
146 14 7 3
14 152 6 4
14 154 5 5
14 159 5 4
162 14 2 1
164 14 5 1
174 14 1 3
182 14 6 1
191 14 2 1
15 1 5 5
26 15 7 5
29 15 3 1
15 31 2 5
35 15 7 1
15 41 7 5
15 43 7 5
15 48 3 4
50 15 8 3
15 51 3 1
55 15 1 2
59 15 6 2
15 88 3 1
89 15 7 2
15 90 3 4
93 15 3 4
107 15 6 2
111 15 8 5
15 112 6 1
115 15 8 1
15 119 2 2
123 15 4 3
124 15 2 3
128 15 3 5
15 142 6 5
149 15 7 4
15 163 5 1
164 15 5 1
167 15 4 2
170 15 5 3
15 185 8 4
15 186 5 4
195 15 2 2
16 1 5 1
9 16 1 1
16 18 1 3
21 16 8 2
27 16 4 3
32 16 8 1
16 33 7 1
37 16 4 5
42 16 4 5
43 16 3 4
16 48 1 2
16 72 8 2
16 73 7 2
93 16 4 3
16 99 6 4
102 16 1 5
16 105 2 2
16 106 5 5
16 107 3 5
16 109 3 1
16 110 2 1
16 115 1 2
116 16 1 4
16 122 1 3
16 126 5 2
16 130 8 1
136 16 3 4
137 16 1 5
139 16 4 5
16 147 2 2
148 16 2 2
16 151 3 1
16 155 1 2
163 16 4 4
16 164 5 2
167 16 3 3
16 168 6 3
16 170 3 4
16 174 6 5
177 16 6 4
16 180 1 2
182 16 5 1
185 16 6 2
186 16 1 5
189 16 8 3
196 16 5 3
17 39 2 4
53 17 1 3
17 68 3 1
17 87 7 3
89 17 1 4
92 17 3 2
17 94 4 2
131 17 2 4
156 17 4 1
17 158 1 3
17 160 5 4
161 17 4 2
17 184 2 5
198 17 4 1
199 17 1 2
27 18 5 3
18 34 1 2
36 18 5 1
18 47 5 4
18 48 3 3
67 18 3 2
18 72 5 2
18 73 6 5
18 103 7 2
18 104 5 4
107 18 8 3
108 18 1 1
18 109 4 3
110 18 6 3
18 116 7 2
120 18 4 3
18 126 1 2
18 130 8 2
137 18 1 1
138 18 2 1
18 143 1 4
154 18 8 2
155 18 8 4
18 163 7 4
167 18 7 4
169 18 1 2
182 18 7 2
185 18 1 1
186 18 6 3
187 18 8 3
18 191 4 3
19 38 4 4
45 19 4 3
56 19 1 4
19 60 4 1
75 19 4 4
86 19 8 3
125 19 1 2
129 19 6 1
19 153 3 4
19 173 1 2
174 19 5 4
178 19 4 2
19 196 1 4
20 16 6 1
20 21 7 3
20 24 7 2
20 37 5 2
20 49 4 4
53 20 5 4
62 20 1 2
20 63 6 4
20 69 5 1
74 20 7 2
20 79 5 4
83 20 2 4
87 20 3 1
89 20 2 4
20 91 4 5
92 20 8 4
20 94 7 4
97 20 2 1
20 102 4 4
20 105 2 3
106 20 3 5
115 20 4 2
20 122 2 4
124 20 4 3
20 129 2 1
131 20 3 5
139 20 4 3
20 151 2 4
20 158 1 4
161 20 1 2
168 20 6 5
20 170 7 5
176 20 7 4
177 20 3 1
178 20 1 2
182 20 8 1
185 20 5 5
20 189 2 1
20 198 8 1
21 3 1 1
7 21 1 3
11 21 5 5
21 14 6 3
21 23 6 4
24 21 5 3
21 27 5 1
21 32 1 4
21 33 6 4
34 21 7 2
37 21 5 1
21 42 6 1
43 21 2 5
21 48 1 3
49 21 1 5
52 21 3 2
74 21 7 3
21 78 2 3
21 83 6 1
21 85 3 5
21 86 8 1
21 99 4 1
105 21 3 1
21 106 4 4
124 21 1 4
126 21 4 4
129 21 2 4
21 136 6 1
21 143 5 3
147 21 5 1
21 162 5 5
21 168 5 4
170 21 3 3
21 174 7 1
21 175 8 2
21 176 4 1
177 21 3 3
21 182 8 1
185 21 4 2
21 189 6 4
21 196 7 5
22 18 4 3
23 22 3 3
22 27 7 4
22 34 3 5
22 40 7 2
22 47 1 3
22 67 5 2
72 22 6 1
78 22 2 1
22 103 3 1
110 22 4 5
22 116 1 5
120 22 1 5
22 127 5 1
22 130 6 4
133 22 6 1
22 136 2 1
138 22 5 5
22 153 8 5
159 22 2 1
22 169 8 4
182 22 8 1
0 23 8 1
23 7 6 3
23 33 3 2
23 37 3 5
38 23 5 3
40 23 3 4
45 23 7 4
23 52 7 3
56 23 7 1
23 72 6 1
23 77 7 5
23 78 8 5
23 86 1 1
99 23 4 1
23 100 5 3
116 23 5 5
120 23 7 5
23 126 4 4
23 127 2 2
130 23 6 5
23 140 6 1
147 23 5 1
23 153 7 1
23 154 2 1
23 159 6 4
23 172 3 3
23 174 5 5
178 23 1 2
182 23 6 5
189 23 8 3
192 23 8 4
23 194 7 1
34 24 8 1
49 24 3 5
24 52 1 2
24 57 4 3
24 63 5 4
24 69 6 1
24 74 2 4
75 24 5 1
24 79 1 1
83 24 4 3
85 24 8 2
24 91 8 1
92 24 3 3
24 94 7 1
97 24 5 2
102 24 4 5
105 24 1 1
106 24 8 3
113 24 3 3
114 24 6 1
124 24 2 2
129 24 4 2
24 131 8 2
154 24 2 4
161 24 1 2
168 24 1 1
24 170 1 2
174 24 4 3
176 24 2 3
24 178 1 1
24 198 1 4
22 25 2 3
40 25 3 5
46 25 6 4
47 25 4 3
100 25 1 4
25 103 5 3
130 25 3 3
25 133 6 1
25 136 6 4
146 25 6 3
25 152 7 1
25 169 5 5
192 25 8 5
194 25 2 5
4 26 8 5
26 28 6 5
26 31 4 5
26 48 5 4
55 26 4 2
59 26 4 2
26 88 4 5
26 90 1 1
93 26 2 4
26 96 4 4
101 26 4 1
26 107 2 4
109 26 6 2
112 26 5 4
26 118 2 4
119 26 6 3
26 148 4 4
26 149 6 3
26 155 4 1
26 164 5 3
26 167 8 4
179 26 7 3
26 180 2 4
26 186 4 4
193 26 4 5
9 27 2 3
33 27 4 4
27 42 6 1
43 27 4 5
48 27 5 4
59 27 2 2
71 27 1 4
72 27 4 5
73 27 2 2
78 27 6 4
27 99 5 1
105 27 7 4
27 106 5 2
27 107 3 3
113 27 7 5
27 116 7 2
27 122 6 4
27 124 6 2
127 27 5 3
130 27 3 1
27 136 4 3
27 137 2 1
27 143 7 5
27 147 7 3
148 27 3 5
162 27 5 5
27 163 2 3
27 164 4 1
169 27 4 4
170 27 5 2
174 27 7 1
27 177 3 3
182 27 2 4
27 185 7 4
187 27 5 4
27 192 1 3
1 28 1 5
15 28 2 3
28 29 5 4
28 30 8 5
28 31 3 1
37 28 1 4
41 28 2 4
43 28 5 1
28 50 6 3
28 55 7 3
28 82 3 5
28 88 8 4
28 96 2 1
28 101 3 3
28 104 2 1
28 111 6 2
28 112 5 2
117 28 8 5
119 28 6 5
123 28 8 4
124 28 2 1
128 28 8 1
28 135 1 5
28 139 7 1
28 145 4 1
148 28 8 2
151 28 1 3
155 28 6 5
163 28 7 2
167 28 7 3
170 28 1 4
193 28 8 3
29 31 2 1
29 41 7 5
29 58 6 3
82 29 6 4
29 90 1 5
29 101 2 4
29 104 6 2
107 29 7 5
29 108 5 2
118 29 6 1
29 134 1 5
137 29 1 3
29 142 2 5
29 149 2 4
167 29 4 3
29 179 3 3
186 29 7 4
188 29 1 5
29 195 3 3
2 30 1 3
15 30 1 5
44 30 1 3
50 30 8 4
82 30 1 2
30 90 2 4
30 93 1 5
96 30 8 4
111 30 8 1
30 115 2 3
118 30 7 1
30 123 1 2
128 30 3 3
142 30 7 5
149 30 1 2
179 30 8 4
188 30 6 4
35 31 3 1
44 31 3 5
31 58 4 4
31 59 6 5
82 31 3 2
88 31 6 1
93 31 2 1
96 31 1 5
31 104 5 3
107 31 4 3
31 108 7 5
31 112 6 2
137 31 7 1
31 142 3 3
149 31 8 3
31 163 2 3
31 183 7 4
188 31 4 5
31 195 4 5
4 32 2 4
32 20 2 4
24 32 7 2
32 33 3 4
32 37 7 4
43 32 7 3
32 49 8 3
52 32 6 5
32 53 6 1
32 62 6 5
32 63 3 4
32 69 3 5
72 32 7 4
32 83 1 3
85 32 7 5
32 91 1 5
32 94 4 1
32 102 8 3
105 32 6 5
32 106 2 1
116 32 7 2
124 32 2 4
125 32 8 1
131 32 4 5
32 147 8 5
161 32 7 3
164 32 6 1
32 168 8 3
32 170 8 3
174 32 2 5
176 32 2 1
32 177 4 4
182 32 8 1
32 185 2 2
32 189 2 2
32 191 5 1
32 193 7 3
196 32 7 5
33 7 3 3
20 33 6 1
33 24 5 2
37 33 7 2
42 33 4 4
48 33 4 3
33 52 4 2
57 33 2 3
63 33 5 2
79 33 7 3
33 84 6 5
85 33 6 2
91 33 5 5
33 92 5 2
97 33 5 3
99 33 4 2
102 33 3 2
105 33 8 3
113 33 5 5
114 33 4 1
33 116 3 2
33 124 8 5
126 33 3 2
33 129 4 4
33 139 2 3
154 33 3 1
161 33 1 3
164 33 1 2
33 168 5 2
33 170 4 3
33 174 6 1
33 175 4 1
33 178 8 5
33 182 8 4
33 185 4 3
33 189 8 1
33 191 8 5
33 193 5 1
14 34 5 4
34 16 6 4
23 34 2 2
27 34 3 4
48 34 6 4
67 34 8 3
71 34 8 1
78 34 1 5
99 34 7 2
106 34 6 2
120 34 8 2
126 34 1 3
34 127 4 4
34 136 4 4
143 34 2 3
147 34 6 1
34 148 3 2
34 155 1 2
164 34 6 3
34 169 7 1
34 174 2 3
34 180 1 2
185 34 1 1
34 196 4 3
26 35 8 3
29 35 8 5
35 44 7 1
51 35 4 4
59 35 4 4
82 35 8 3
88 35 6 4
35 101 4 2
35 104 8 5
35 107 1 1
35 118 7 1
35 119 3 4
134 35 6 2
35 142 5 2
35 163 6 2
167 35 4 3
179 35 7 3
183 35 8 3
186 35 6 5
188 35 5 4
36 47 1 3
36 65 5 3
36 66 6 2
81 36 5 3
98 36 1 5
108 36 7 1
109 36 5 1
133 36 4 3
36 152 6 3
157 36 7 4
187 36 4 2
192 36 3 5
18 37 5 2
37 27 8 3
42 37 3 2
37 48 6 2
37 59 3 5
71 37 6 2
73 37 6 4
82 37 8 5
37 84 4 4
37 93 6 5
97 37 5 4
37 104 2 3
109 37 1 1
110 37 7 3
124 37 1 1
37 136 5 5
137 37 1 3
139 37 8 1
37 147 7 3
37 151 2 3
37 155 6 3
163 37 3 4
37 164 1 2
167 37 6 4
37 168 4 3
170 37 7 4
174 37 6 4
177 37 7 5
37 180 4 5
37 182 1 4
186 37 5 3
189 37 1 2
37 191 8 5
193 37 4 4
196 37 2 4
40 38 4 3
45 38 8 1
38 52 2 4
54 38 7 4
56 38 8 2
78 38 3 3
38 86 1 2
121 38 5 2
141 38 1 5
38 159 2 1
171 38 7 1
173 38 8 5
181 38 3 3
57 39 2 3
63 39 6 3
39 64 7 1
68 39 3 2
70 39 2 2
91 39 1 1
94 39 7 2
39 131 6 1
39 156 1 1
158 39 7 5
39 161 3 3
39 165 1 1
166 39 7 2
39 190 2 1
39 199 6 4
40 10 1 5
40 52 3 5
72 40 8 2
40 78 8 5
84 40 2 5
40 100 7 4
105 40 3 3
40 116 7 3
120 40 5 3
40 127 2 4
133 40 7 3
143 40 8 4
40 147 7 2
40 153 2 5
40 159 2 4
40 162 5 2
192 40 8 4
194 40 3 3
31 41 6 3
41 35 3 3
41 44 4 2
55 41 6 4
58 41 3 5
41 82 1 4
88 41 4 4
41 90 6 2
41 93 7 3
41 101 2 5
104 41 1 1
112 41 2 3
41 119 2 4
41 134 5 2
142 41 4 3
41 149 6 3
167 41 1 1
179 41 5 1
183 41 8 4
188 41 1 1
42 5 6 2
9 42 7 5
10 42 8 1
42 14 6 5
42 18 8 3
42 43 6 4
42 47 6 3
48 42 4 2
42 59 8 4
42 67 5 1
42 71 7 2
42 72 1 5
42 82 2 5
93 42 1 5
99 42 4 5
103 42 8 4
42 104 1 1
42 105 5 5
42 106 3 2
107 42 6 4
42 108 7 4
42 110 2 2
42 113 5 4
42 115 3 5
42 119 6 4
127 42 7 3
42 130 8 5
42 139 4 1
42 143 3 2
42 148 3 2
151 42 1 4
155 42 5 4
42 163 8 5
42 164 7 1
167 42 2 2
42 170 7 2
177 42 5 5
182 42 6 4
185 42 8 2
42 186 6 5
42 191 7 2
42 193 4 2
20 43 4 2
23 43 3 5
43 34 2 4
37 43 6 5
67 43 6 2
43 71 2 4
43 73 3 4
43 82 8 3
43 93 1 4
43 99 2 5
105 43 3 5
107 43 3 5
113 43 8 4
116 43 1 1
119 43 7 5
43 124 8 5
43 136 4 4
137 43 6 5
139 43 6 5
147 43 6 2
43 148 6 3
43 151 7 4
43 167 1 3
43 168 8 1
43 174 5 1
177 43 3 1
180 43 6 4
182 43 5 1
189 43 7 2
43 191 2 5
193 43 4 3
44 50 5 5
44 90 6 2
96 44 8 5
134 44 4 5
142 44 6 4
149 44 2 5
188 44 7 3
195 44 3 1
45 13 2 4
49 45 6 5
45 54 6 2
45 60 3 2
45 75 5 1
86 45 3 5
45 129 1 5
45 140 5 3
144 45 5 3
45 147 3 2
150 45 4 4
45 162 3 1
171 45 1 4
173 45 5 3
45 175 5 3
178 45 6 2
45 181 2 4
46 18 8 5
34 46 3 5
47 46 7 5
46 67 6 1
46 78 3 1
99 46 6 5
46 100 8 4
46 103 5 3
46 110 7 4
120 46 2 2
46 121 2 4
126 46 7 2
46 127 4 2
46 133 1 3
46 136 6 4
143 46 2 5
46 159 4 3
162 46 4 5
187 46 7 5
191 46 2 4
46 192 7 3
46 194 3 1
6 47 3 4
40 47 7 4
47 65 3 4
47 73 6 4
47 78 2 1
98 47 6 2
47 100 7 4
47 103 1 4
110 47 1 3
126 47 3 3
127 47 8 1
130 47 4 5
47 132 7 2
136 47 4 2
138 47 4 3
47 146 3 5
152 47 8 3
157 47 2 3
47 180 8 4
9 48 1 1
43 48 3 2
59 48 5 2
71 48 8 3
82 48 4 4
93 48 7 3
48 104 1 3
48 106 7 2
48 107 5 1
48 108 4 3
110 48 2 2
112 48 4 1
113 48 3 1
118 48 7 5
48 119 4 5
122 48 1 4
124 48 3 5
48 126 1 4
48 136 6 5
48 139 1 1
143 48 4 4
48 148 8 1
151 48 2 5
154 48 6 3
155 48 8 4
163 48 7 1
48 167 7 5
48 170 8 2
48 177 7 4
48 185 2 4
48 191 3 2
193 48 3 2
49 33 5 5
52 49 2 3
57 49 8 3
49 60 2 4
62 49 7 4
49 69 7 5
49 75 5 5
76 49 1 2
49 79 6 4
49 84 2 1
49 85 3 2
49 94 2 5
49 102 1 5
49 105 6 2
49 113 7 3
49 122 7 5
49 129 3 5
49 131 6 5
147 49 3 2
168 49 6 3
49 170 3 4
49 174 7 5
175 49 3 4
176 49 1 4
49 178 8 2
182 49 6 2
189 49 5 3
49 196 1 3
12 50 3 4
50 88 5 4
50 89 3 1
50 90 6 4
93 50 2 3
96 50 1 5
50 101 3 4
50 111 1 1
50 117 2 5
118 50 1 3
119 50 2 5
128 50 6 5
50 135 7 3
50 145 7 3
51 41 3 4
51 44 8 5
50 51 1 3
51 88 7 4
51 90 8 3
51 96 2 1
117 51 1 4
123 51 8 4
134 51 4 2
51 142 8 5
145 51 6 3
149 51 4 4
179 51 4 3
188 51 3 2
195 51 1 4
34 52 1 5
52 45 3 5
56 52 8 2
52 60 6 3
52 77 3 2
52 79 6 1
52 83 7 1
52 97 5 5
99 52 3 2
52 105 1 3
52 116 3 2
52 125 2 4
126 52 2 5
129 52 3 3
52 140 6 2
147 52 7 5
153 52 5 1
52 171 3 5
173 52 4 3
52 174 7 1
52 176 6 2
178 52 3 1
189 52 5 4
191 52 3 4
61 53 6 4
64 53 2 1
76 53 3 3
53 82 3 1
53 85 3 4
87 53 2 3
53 92 6 4
53 94 2 1
53 95 5 1
107 53 5 2
53 114 3 2
115 53 3 4
53 117 8 5
53 119 4 3
53 122 2 4
53 128 6 2
135 53 2 4
53 145 3 5
151 53 8 3
166 53 7 2
53 168 4 2
53 170 8 1
53 177 7 1
184 53 1 2
198 53 7 4
0 54 5 4
54 19 7 5
60 54 5 5
75 54 4 3
54 77 6 3
54 125 4 2
54 129 2 3
140 54 8 3
54 144 4 1
54 150 6 1
171 54 3 1
54 173 8 2
54 178 4 1
54 181 6 5
55 1 8 4
55 31 5 2
35 55 1 4
55 71 3 2
55 93 7 3
55 101 8 2
104 55 8 4
55 107 1 4
55 108 6 5
55 118 6 3
134 55 6 1
55 148 6 4
149 55 4 5
163 55 8 3
179 55 1 2
55 183 5 2
186 55 5 1
195 55 7 4
56 0 5 1
56 45 8 4
56 54 2 3
60 56 2 4
56 77 4 1
140 56 3 2
56 144 8 2
56 147 2 2
153 56 7 5
162 56 1 3
56 172 5 1
174 56 2 3
20 57 5 1
57 32 4 4
57 62 1 3
57 69 4 4
76 57 7 2
57 83 6 3
57 85 5 1
57 91 3 3
94 57 3 4
57 95 5 3
97 57 3 2
102 57 4 5
57 114 3 1
125 57 8 2
156 57 6 5
57 158 4 3
161 57 6 1
168 57 1 5
170 57 7 1
57 175 6 4
176 57 2 2
177 57 3 3
178 57 8 2
189 57 1 3
198 57 5 4
55 58 7 3
58 67 6 2
58 73 2 3
58 90 6 4
58 96 6 5
58 101 5 3
107 58 1 3
58 108 3 5
109 58 4 2
110 58 6 3
112 58 4 5
58 118 3 2
132 58 8 5
134 58 4 3
58 137 7 2
58 148 4 1
58 149 1 5
58 155 1 4
163 58 7 2
167 58 7 4
180 58 2 2
183 58 6 1
58 186 6 4
195 58 5 5
16 59 3 2
29 59 8 3
59 41 1 4
59 67 3 1
59 71 8 3
59 73 3 2
59 93 5 5
104 59 6 2
59 105 2 3
109 59 1 1
110 59 5 2
112 59 8 3
59 113 5 2
115 59 6 1
59 118 5 3
119 59 6 2
122 59 4 4
59 137 7 5
59 139 2 5
59 151 1 5
154 59 7 5
163 59 5 2
164 59 8 3
167 59 8 3
170 59 1 5
59 179 6 1
59 180 3 2
59 187 4 2
59 191 7 4
193 59 4 1
59 195 4 3
3 60 4 4
60 75 6 2
77 60 8 5
83 60 4 5
60 86 2 2
60 141 4 5
144 60 1 4
60 172 1 2
60 173 2 4
60 175 5 3
176 60 3 4
178 60 7 2
60 181 5 5
17 61 4 4
61 39 3 4
61 91 7 5
61 95 7 2
160 61 3 2
161 61 4 5
61 190 5 4
61 197 6 5
198 61 7 5
62 24 5 3
39 62 2 3
62 74 1 5
62 79 8 4
83 62 1 1
62 87 2 4
91 62 6 1
62 92 2 4
94 62 6 2
95 62 1 3
62 114 1 5
62 184 1 1
189 62 8 5
62 190 3 5
198 62 5 1
63 49 7 2
74 63 2 1
76 63 1 1
63 83 3 1
63 85 4 5
63 91 2 3
92 63 4 2
94 63 5 5
63 95 1 5
97 63 7 5
63 102 1 3
106 63 6 2
63 113 2 4
63 122 1 2
63 125 7 4
158 63 7 1
161 63 5 3
63 175 2 2
63 176 3 1
189 63 3 3
190 63 4 5
196 63 1 2
198 63 8 4
17 64 3 1
87 64 4 4
64 92 1 4
64 117 8 3
128 64 8 3
64 135 7 2
156 64 3 5
64 165 2 5
64 184 3 3
198 64 1 5
65 80 2 3
103 65 1 2
110 65 6 2
132 65 6 5
65 133 8 1
65 138 1 3
65 152 6 4
157 65 2 1
65 187 4 1
47 66 6 1
66 65 3 1
80 66 8 3
81 66 4 4
103 66 3 3
109 66 6 2
66 132 8 4
157 66 5 5
187 66 4 4
9 67 1 2
67 10 2 4
67 14 5 3
16 67 8 3
67 36 1 3
37 67 3 3
67 47 8 3
71 67 6 1
67 73 6 4
81 67 1 1
67 105 1 5
67 107 7 5
67 108 3 4
109 67 2 5
67 110 6 4
67 120 3 4
67 126 6 1
127 67 2 1
132 67 3 2
67 136 3 4
67 137 4 1
67 138 4 3
67 139 7 1
143 67 7 3
67 148 7 3
67 155 5 1
67 167 1 5
67 169 8 4
67 182 5 3
191 67 1 3
67 192 4 4
68 11 2 4
64 68 5 2
68 85 5 3
68 91 7 5
92 68 5 1
128 68 6 2
135 68 6 3
158 68 2 3
68 160 6 2
68 165 2 4
184 68 4 3
198 68 5 3
8 69 8 2
69 13 5 5
69 63 7 1
76 69 2 3
69 79 1 3
69 83 1 2
87 69 3 4
69 91 5 3
69 94 7 2
102 69 2 2
129 69 7 2
69 131 8 3
158 69 3 2
69 161 1 1
166 69 8 5
69 168 8 1
175 69 4 5
198 69 3 5
69 199 4 3
70 95 3 2
70 131 4 4
160 70 1 2
165 70 7 2
70 199 4 2
71 16 6 4
36 71 4 4
71 58 1 1
72 71 8 3
71 73 5 2
71 82 2 5
93 71 2 2
105 71 8 3
107 71 2 3
108 71 5 3
71 109 3 2
71 112 6 4
130 71 4 2
71 132 5 4
71 136 3 5
71 137 4 4
155 71 2 5
163 71 3 1
167 71 8 2
180 71 8 2
185 71 5 1
187 71 3 2
71 193 5 3
9 72 2 2
72 10 6 1
72 14 1 3
72 33 6 4
34 72 6 4
72 37 2 4
72 52 3 1
67 72 1 5
72 84 3 2
72 99 7 3
106 72 7 1
110 72 7 1
72 113 2 4
72 114 1 5
72 115 3 3
72 116 6 1
72 126 7 3
127 72 4 4
130 72 4 3
72 136 4 2
137 72 5 4
139 72 3 2
147 72 1 2
72 155 2 2
72 163 7 2
72 164 5 3
167 72 1 5
72 174 2 1
177 72 4 5
187 72 6 3
72 191 6 2
192 72 5 1
72 196 4 1
73 1 6 2
9 73 8 2
72 73 1 3
103 73 5 5
104 73 7 5
107 73 2 3
109 73 1 5
73 110 2 3
115 73 2 2
119 73 1 2
73 127 5 4
130 73 6 4
73 136 5 4
73 139 5 2
73 163 2 4
164 73 5 5
73 182 7 4
73 187 4 4
191 73 2 3
73 192 5 2
73 193 5 1
74 32 4 1
33 74 3 2
57 74 3 3
69 74 6 3
74 76 1 5
87 74 6 4
74 95 2 2
74 97 3 2
106 74 2 3
74 113 6 1
74 125 7 3
74 158 3 1
168 74 7 5
74 170 6 3
177 74 2 5
74 184 7 3
189 74 8 5
74 190 5 2
74 196 8 2
0 75 7 4
75 52 7 3
75 83 7 2
125 75 1 3
75 144 7 2
175 75 3 5
75 178 1 2
181 75 6 3
76 17 7 5
32 76 1 3
76 61 5 1
62 76 2 2
64 76 1 1
68 76 8 4
76 83 5 4
85 76 7 2
76 89 3 4
92 76 3 2
76 94 7 1
95 76 1 1
76 113 7 3
76 114 7 3
135 76 8 2
151 76 4 5
76 156 8 5
158 76 7 3
160 76 4 1
76 165 6 1
168 76 5 1
184 76 4 1
185 76 8 1
76 190 2 2
193 76 5 5
198 76 2 2
199 76 6 4
0 77 7 5
77 21 6 3
45 77 6 4
79 77 5 5
77 116 8 3
125 77 6 5
129 77 6 1
140 77 7 3
77 144 6 5
147 77 4 5
77 153 7 1
171 77 8 3
172 77 8 1
77 175 5 3
178 77 7 5
189 77 4 2
77 196 5 5
78 3 7 1
78 14 7 4
78 25 8 4
78 84 8 5
78 99 6 4
78 100 2 2
120 78 1 5
121 78 6 3
126 78 4 1
127 78 4 5
78 130 6 2
143 78 8 1
146 78 3 4
147 78 3 5
78 153 4 3
162 78 4 1
191 78 4 1
192 78 4 3
78 194 1 1
79 21 6 2
57 79 5 5
79 60 4 4
79 63 6 2
79 75 5 5
83 79 7 3
85 79 7 2
79 91 4 1
79 97 1 2
79 102 7 5
79 105 2 3
106 79 6 2
113 79 3 4
114 79 7 1
79 116 4 3
79 129 6 2
79 131 4 1
140 79 4 4
161 79 7 4
168 79 6 4
79 170 5 2
174 79 1 2
175 79 6 5
79 176 4 4
177 79 8 5
79 189 7 3
79 196 8 3
80 9 2 5
80 36 6 3
80 47 2 1
81 80 8 5
80 98 3 4
110 80 1 2
80 152 3 1
192 80 5 3
18 81 7 1
65 81 1 3
73 81 3 2
81 98 1 4
103 81 1 4
108 81 6 1
109 81 3 4
81 110 6 2
81 138 1 4
81 152 7 4
157 81 2 4
81 180 3 5
81 187 7 1
15 82 5 1
50 82 4 4
82 59 3 2
82 88 1 5
82 93 8 5
82 108 5 4
111 82 7 1
115 82 2 5
117 82 3 2
82 118 4 1
82 122 2 2
123 82 3 2
128 82 6 4
135 82 8 4
137 82 4 2
139 82 5 5
142 82 8 2
145 82 2 5
148 82 8 2
82 149 6 5
155 82 5 3
163 82 8 1
167 82 1 4
170 82 6 3
82 180 8 1
82 186 8 3
82 195 8 2
83 13 3 5
33 83 1 5
83 45 4 2
83 49 3 3
83 74 6 1
91 83 6 4
92 83 1 1
83 125 7 1
83 129 8 2
166 83 7 2
83 168 2 3
83 174 6 5
83 176 5 1
177 83 6 5
83 189 5 3
84 16 6 1
84 20 1 2
84 23 2 2
84 24 7 4
32 84 8 1
42 84 4 5
77 84 6 3
84 79 8 4
84 97 1 2
102 84 5 2
84 105 1 1
122 84 4 5
126 84 6 1
84 129 5 3
84 130 5 1
84 136 4 1
154 84 2 4
162 84 4 2
174 84 5 5
84 177 6 4
178 84 5 3
84 182 4 5
84 193 2 1
20 85 5 5
85 37 6 2
85 43 7 2
62 85 6 3
85 74 7 5
85 87 5 2
89 85 8 1
91 85 5 1
85 92 5 4
85 95 6 1
85 97 3 4
102 85 3 4
105 85 2 1
106 85 6 4
111 85 4 5
115 85 8 1
122 85 4 5
85 135 6 3
151 85 7 2
154 85 5 1
85 156 1 3
85 158 3 4
85 164 7 5
166 85 7 5
168 85 3 1
85 170 6 3
177 85 7 2
85 184 2 2
185 85 5 2
189 85 4 4
85 196 8 1
198 85 1 1
86 13 1 3
54 86 3 5
86 78 5 1
84 86 3 5
121 86 5 5
86 125 1 5
129 86 6 5
86 147 2 1
153 86 8 5
86 171 8 4
173 86 7 4
196 86 4 2
8 87 3 3
87 11 2 5
87 39 8 2
57 87 6 1
68 87 2 5
87 70 5 3
76 87 7 2
92 87 3 3
87 94 8 1
95 87 5 2
87 156 3 5
158 87 3 5
87 161 1 4
87 166 1 1
87 184 1 2
87 190 7 4
87 197 8 5
198 87 4 3
55 88 3 2
58 88 4 4
88 90 8 4
93 88 3 5
96 88 6 4
101 88 7 2
118 88 3 4
123 88 2 5
142 88 8 3
88 145 6 2
149 88 4 5
88 188 6 4
88 195 3 2
4 89 3 3
89 61 3 2
68 89 1 4
82 89 2 5
89 87 1 2
91 89 6 5
89 92 2 3
89 95 7 1
102 89 5 3
107 89 2 5
89 113 2 3
89 115 4 4
89 119 1 1
89 122 7 3
158 89 5 5
89 170 2 1
89 184 5 1
89 193 3 1
89 198 1 1
90 12 3 1
31 90 2 5
90 93 1 2
90 104 7 5
90 108 1 5
112 90 3 1
90 118 5 5
134 90 1 4
142 90 5 4
90 145 3 4
179 90 8 4
13 91 1 5
91 53 8 5
74 91 3 3
76 91 6 4
87 91 2 5
92 91 3 4
91 114 1 5
91 125 4 4
91 131 5 4
91 158 1 4
91 166 8 1
91 168 3 3
91 175 4 2
91 176 3 5
91 189 4 4
190 91 6 1
198 91 6 3
11 92 5 3
92 39 7 1
49 92 5 1
74 92 7 1
94 92 5 1
95 92 5 5
102 92 4 3
92 111 6 5
113 92 4 2
92 114 6 5
92 122 5 4
156 92 3 2
92 166 2 3
92 168 2 2
184 92 5 3
185 92 1 5
92 193 4 2
198 92 4 1
93 4 2 3
53 93 3 5
58 93 7 4
89 93 6 4
101 93 3 1
112 93 8 1
93 113 3 4
119 93 4 4
93 134 6 2
93 135 8 5
93 145 1 4
148 93 3 2
151 93 3 3
93 155 7 1
93 163 5 5
167 93 3 1
93 170 5 4
93 185 3 4
193 93 1 2
195 93 7 2
94 33 2 5
61 94 4 5
79 94 3 5
85 94 7 4
94 91 2 4
94 97 5 3
113 94 6 5
131 94 6 4
158 94 4 3
94 161 8 4
94 166 8 2
94 168 7 5
170 94 5 5
175 94 8 2
176 94 1 1
177 94 7 2
184 94 4 5
189 94 5 3
190 94 7 5
198 94 1 2
94 199 1 4
95 2 8 4
95 8 1 3
20 95 3 3
39 95 2 1
68 95 5 1
95 91 2 1
131 95 5 1
156 95 1 1
95 160 5 1
95 165 3 1
95 168 7 5
95 197 5 2
96 5 6 4
12 96 1 5
15 96 8 4
29 96 3 4
41 96 3 2
55 96 3 1
59 96 3 5
82 96 7 3
90 96 1 5
96 107 8 2
108 96 7 4
112 96 4 5
115 96 1 1
96 118 1 1
96 137 2 2
142 96 2 5
96 145 8 4
149 96 5 1
163 96 1 1
167 96 1 4
96 179 1 1
96 183 8 3
188 96 1 4
96 195 5 2
97 32 6 4
97 34 3 4
97 43 3 5
97 69 5 3
97 76 6 4
97 92 6 3
102 97 3 5
105 97 1 4
97 116 6 2
129 97 7 2
147 97 2 4
97 151 2 5
154 97 1 5
97 161 4 3
97 170 3 5
97 175 2 5
177 97 8 3
178 97 2 3
97 182 6 5
97 193 7 3
97 196 8 5
6 98 8 3
98 132 4 4
138 98 2 1
157 98 2 4
99 10 1 1
99 25 6 4
40 99 1 4
77 99 5 5
84 99 1 4
86 99 2 1
99 120 1 5
99 121 8 1
126 99 4 2
127 99 8 4
136 99 7 4
99 140 2 3
99 141 5 3
146 99 4 2
147 99 3 3
153 99 1 3
99 159 7 5
99 174 1 5
99 178 7 2
182 99 1 2
99 196 3 5
34 100 8 2
100 99 3 3
120 100 4 5
100 121 8 2
100 127 6 4
133 100 3 1
100 136 1 3
143 100 7 4
146 100 1 3
153 100 4 4
169 100 8 5
100 191 7 4
192 100 1 4
194 100 5 1
101 5 2 3
101 15 2 3
30 101 5 2
101 90 5 3
101 96 7 1
101 104 7 5
107 101 6 3
101 108 2 2
101 118 4 4
119 101 4 3
101 123 4 3
101 134 8 4
145 101 1 1
149 101 1 4
101 163 7 3
101 167 6 3
101 179 7 2
101 183 1 1
186 101 5 1
101 188 6 5
101 195 8 2
102 21 6 5
43 102 6 3
72 102 8 5
74 102 8 2
102 76 3 1
83 102 7 2
102 87 2 2
102 105 5 2
106 102 6 5
102 113 5 4
102 114 2 1
102 116 7 4
102 124 4 3
102 125 2 2
102 129 8 3
151 102 2 2
154 102 7 5
158 102 7 3
102 161 4 1
102 164 5 1
166 102 1 2
102 168 6 1
102 170 3 3
175 102 8 4
176 102 2 2
177 102 8 2
178 102 3 4
102 182 1 2
102 193 4 2
198 102 8 2
1 103 3 4
5 103 4 2
9 103 3 3
67 103 2 4
71 103 1 5
103 80 3 5
103 108 3 5
103 120 4 1
126 103 6 3
127 103 1 1
103 130 5 2
133 103 3 1
152 103 7 3
157 103 3 5
103 169 1 4
103 187 5 3
104 15 3 3
104 16 5 1
104 26 3 4
104 27 2 1
104 43 3 1
104 58 5 3
71 104 2 4
72 104 7 4
82 104 3 4
104 89 5 5
104 93 5 4
104 96 6 2
104 106 8 4
104 109 3 4
104 111 7 3
112 104 7 5
113 104 6 5
115 104 7 1
104 119 8 2
104 122 7 4
124 104 6 5
135 104 2 2
137 104 2 1
104 145 5 3
104 148 3 1
104 149 8 4
151 104 2 1
154 104 7 5
104 164 6 4
104 167 2 1
104 170 4 3
104 177 8 4
180 104 8 5
104 183 8 1
185 104 8 3
104 186 5 4
104 195 7 4
105 7 2 3
105 23 3 1
34 105 7 5
105 37 2 1
73 105 2 2
99 105 7 2
105 106 7 5
114 105 4 5
105 115 1 1
105 116 8 3
124 105 5 4
126 105 6 4
130 105 4 4
105 136 8 5
139 105 8 3
147 105 3 4
148 105 1 1
151 105 8 2
154 105 4 1
164 105 7 4
178 105 4 2
182 105 8 5
105 186 3 4
105 189 8 3
196 105 4 2
7 106 5 5
106 37 5 3
106 49 5 5
53 106 7 1
57 106 1 2
106 59 4 5
76 106 1 4
83 106 8 1
91 106 3 5
92 106 6 2
106 94 7 1
106 97 5 1
106 107 4 3
106 113 2 2
114 106 1 2
106 115 6 4
106 116 4 4
122 106 3 3
106 124 2 2
106 129 2 2
139 106 2 1
147 106 5 2
106 151 6 1
106 154 2 4
106 158 5 1
106 161 6 4
164 106 7 1
168 106 8 2
106 170 6 1
176 106 7 3
106 185 7 5
106 191 6 3
193 106 2 3
198 106 8 1
11 107 5 2
107 37 6 3
59 107 4 1
107 72 1 5
82 107 1 1
93 107 7 4
104 107 1 2
108 107 2 4
112 107 7 1
107 113 4 2
107 115 2 1
119 107 2 3
107 124 8 3
137 107 1 1
107 149 5 2
107 154 4 2
163 107 1 5
167 107 1 3
170 107 3 2
177 107 1 1
107 179 6 3
185 107 7 2
186 107 7 1
108 35 8 5
41 108 4 4
108 59 8 1
108 112 7 3
118 108 4 5
108 137 5 1
108 148 5 1
167 108 5 4
108 180 7 4
108 183 4 3
108 187 4 1
27 109 5 3
109 47 3 1
109 48 3 2
72 109 7 2
107 109 8 4
108 109 6 5
110 109 4 1
109 132 7 2
136 109 6 2
109 137 5 1
139 109 7 2
143 109 2 2
154 109 7 3
155 109 4 3
163 109 6 2
164 109 2 3
109 183 5 5
186 109 1 3
187 109 8 5
110 1 5 1
110 6 6 3
110 9 3 2
27 110 8 2
110 36 2 1
43 110 4 2
110 71 8 3
110 103 3 1
108 110 6 3
110 120 6 4
127 110 2 5
132 110 2 5
133 110 6 1
137 110 4 3
110 139 4 3
154 110 8 3
110 155 4 5
157 110 2 2
163 110 6 3
164 110 8 1
110 169 1 2
182 110 6 5
110 186 5 3
187 110 7 2
192 110 5 1
111 64 4 5
111 68 3 2
111 76 2 2
89 111 4 1
93 111 7 4
117 111 2 5
111 122 3 4
111 128 6 2
158 111 8 4
111 166 6 2
111 193 3 1
198 111 3 2
29 112 2 1
112 44 6 2
88 112 8 3
118 112 6 3
119 112 2 3
112 134 7 4
112 137 8 5
148 112 6 1
112 163 7 3
112 167 3 3
112 179 2 1
183 112 4 5
112 186 2 5
195 112 7 4
16 113 2 3
20 113 1 4
32 113 5 5
34 113 3 3
113 37 7 3
84 113 8 1
85 113 5 2
113 91 4 4
113 97 6 5
113 105 5 2
114 113 7 1
113 116 5 4
113 119 7 1
122 113 6 1
124 113 7 1
113 129 8 1
113 137 2 2
139 113 2 5
113 147 1 5
113 148 1 3
113 151 4 2
113 154 8 4
113 155 5 2
163 113 8 4
166 113 4 5
170 113 4 3
174 113 7 5
113 176 1 4
113 177 3 3
178 113 1 2
113 185 6 4
113 189 4 5
191 113 7 2
193 113 7 2
113 196 1 5
198 113 6 2
114 4 7 4
114 8 1 2
11 114 1 5
114 16 3 2
114 34 6 3
114 37 1 5
114 43 4 2
49 114 4 3
114 69 8 4
114 74 1 4
83 114 4 3
84 114 4 2
114 85 5 5
114 87 4 5
114 89 7 2
115 114 7 4
114 122 2 3
114 129 6 3
131 114 5 5
114 154 2 5
158 114 4 4
114 164 1 5
114 174 7 1
114 177 8 4
189 114 1 1
193 114 7 2
196 114 3 2
115 26 6 3
27 115 6 1
33 115 3 3
115 37 6 2
115 43 2 4
115 71 7 1
115 113 8 4
115 117 7 4
118 115 6 5
122 115 7 1
139 115 2 3
115 148 2 1
115 151 3 2
163 115 2 2
164 115 3 5
167 115 4 2
115 168 8 5
115 170 5 2
115 179 3 3
180 115 1 4
115 185 3 5
115 186 2 5
116 7 7 3
10 116 8 5
14 116 6 1
116 21 1 5
116 24 6 4
116 37 2 2
116 49 3 5
84 116 5 1
116 99 5 4
114 116 8 4
124 116 6 2
130 116 5 2
139 116 2 1
116 140 2 1
116 143 8 5
154 116 2 1
116 162 5 4
116 164 3 3
116 176 2 2
182 116 3 1
185 116 7 3
191 116 1 5
15 117 3 1
117 30 5 3
68 117 7 1
117 93 7 3
117 123 1 3
135 117 4 5
158 117 6 4
166 117 6 4
117 193 1 5
118 15 3 3
118 31 5 2
118 41 3 4
118 71 1 5
93 118 7 2
104 118 7 4
119 118 2 4
118 135 1 3
118 137 8 3
118 142 5 3
118 149 3 2
118 151 7 2
155 118 3 5
163 118 5 1
118 167 6 2
183 118 3 4
118 185 1 5
118 186 4 2
193 118 3 3
29 119 2 2
119 30 1 2
71 119 8 4
119 82 3 1
90 119 8 1
106 119 1 2
119 117 7 4
119 122 6 3
119 124 6 5
119 135 1 2
137 119 4 2
119 139 8 3
142 119 5 3
154 119 1 3
119 164 2 2
119 167 4 4
180 119 6 5
119 185 7 4
119 193 3 4
195 119 1 5
120 14 4 5
25 120 6 5
47 120 2 3
126 120 2 2
120 127 8 5
133 120 2 3
120 136 8 4
120 138 1 2
120 143 6 2
159 120 8 1
162 120 1 4
120 169 3 1
120 194 1 5
22 121 4 5
23 121 6 4
40 121 5 5
121 56 5 5
121 120 6 4
127 121 3 1
141 121 3 2
121 144 1 3
121 147 1 4
153 121 2 5
121 159 7 2
121 169 7 2
171 121 2 1
172 121 6 2
173 121 2 4
174 121 2 3
121 194 8 2
122 4 8 5
11 122 8 1
122 15 7 1
122 28 2 5
122 32 6 1
33 122 2 5
37 122 3 3
76 122 4 2
122 91 2 4
122 93 6 2
122 94 7 1
122 97 7 3
122 102 4 3
117 122 1 2
124 122 4 4
122 139 7 3
151 122 8 3
154 122 7 4
122 155 7 4
122 158 5 5
122 163 8 3
166 122 2 5
168 122 1 3
185 122 7 3
193 122 8 5
122 198 7 4
44 123 4 3
123 111 6 2
123 128 3 5
142 123 5 2
149 123 4 5
4 124 7 2
124 16 3 1
124 34 5 3
49 124 6 1
124 53 8 5
124 59 1 5
124 72 5 5
124 76 3 4
84 124 4 2
124 85 3 2
91 124 8 2
92 124 6 4
93 124 1 5
124 94 1 5
124 114 1 1
124 115 8 3
124 126 4 2
135 124 1 3
124 139 4 5
148 124 1 1
151 124 7 2
124 154 6 2
155 124 4 3
124 163 6 1
124 164 4 3
167 124 1 3
168 124 1 3
170 124 5 5
185 124 6 5
186 124 8 2
124 189 3 1
124 191 7 5
124 193 3 5
198 124 8 2
125 0 8 2
21 125 1 3
125 45 8 2
60 125 7 5
79 125 2 2
114 125 8 3
131 125 2 1
125 140 2 3
141 125 3 5
174 125 3 2
175 125 7 1
125 176 2 2
22 126 1 4
27 126 4 3
126 43 5 1
126 71 7 2
73 126 1 5
126 106 1 5
126 109 8 3
110 126 1 5
126 113 6 1
126 116 1 4
127 126 2 3
126 143 1 5
126 147 5 3
162 126 8 3
126 163 6 2
126 164 5 4
126 169 6 1
126 170 3 2
126 174 7 5
126 180 7 4
126 185 5 3
126 187 4 2
191 126 2 4
126 192 6 5
126 194 8 2
126 196 3 4
9 127 3 3
127 10 7 2
25 127 1 5
127 130 3 5
133 127 5 5
127 136 6 4
127 143 6 5
152 127 2 1
127 159 7 1
127 162 5 2
169 127 1 4
127 187 4 3
127 191 8 4
127 192 5 3
127 194 5 2
89 128 7 1
93 128 6 1
117 128 1 1
145 128 1 2
32 129 4 2
60 129 6 2
129 62 1 2
74 129 3 2
129 75 8 4
105 129 2 4
129 116 3 1
125 129 7 5
140 129 8 5
141 129 3 5
147 129 6 1
162 129 2 3
129 172 6 2
129 174 2 1
129 175 2 3
176 129 8 4
129 178 7 1
129 189 5 1
129 196 6 1
130 7 1 5
130 34 8 5
130 37 5 5
40 130 8 5
130 67 6 3
130 99 2 1
130 109 6 2
130 120 5 3
126 130 2 4
130 133 4 1
136 130 2 5
130 137 3 5
138 130 4 5
130 139 7 1
143 130 6 2
146 130 2 5
147 130 8 1
154 130 4 2
130 155 1 2
159 130 3 3
130 169 1 3
130 174 6 3
180 130 7 2
182 130 1 5
187 130 4 4
191 130 4 5
194 130 3 4
74 131 8 4
131 76 6 3
131 85 2 2
87 131 6 2
131 97 5 2
102 131 5 3
129 131 7 4
131 156 6 4
158 131 7 3
131 160 5 3
131 165 4 1
168 131 2 5
131 176 5 5
184 131 7 1
190 131 1 2
197 131 3 2
132 1 8 3
9 132 1 5
36 132 3 4
73 132 7 1
132 80 8 4
81 132 5 1
103 132 6 2
132 138 1 5
132 157 1 3
9 133 6 1
80 133 2 2
133 136 6 4
138 133 2 3
133 146 1 5
133 152 2 3
157 133 6 1
169 133 7 3
133 192 6 2
1 134 5 3
15 134 5 2
134 26 8 1
134 28 7 4
134 82 6 2
88 134 2 2
96 134 4 5
134 118 8 2
149 134 1 4
134 167 6 5
134 179 8 2
183 134 7 1
134 188 5 1
195 134 7 2
135 4 8 3
135 12 5 5
15 135 3 4
30 135 4 1
135 51 8 2
135 59 6 3
89 135 8 3
107 135 1 4
111 135 4 3
115 135 3 1
123 135 5 2
128 135 2 1
135 145 4 1
135 151 2 5
158 135 7 4
135 170 1 2
185 135 7 3
135 186 8 4
135 193 1 2
10 136 3 2
136 14 5 1
18 136 1 4
136 40 3 2
136 42 2 4
136 78 2 3
103 136 2 2
110 136 7 1
126 136 2 4
132 136 5 2
137 136 1 4
146 136 2 2
147 136 2 4
148 136 7 2
152 136 6 3
154 136 1 3
136 155 2 3
136 162 4 1
136 163 6 4
164 136 5 1
136 169 7 3
191 136 3 1
136 192 4 3
194 136 7 1
5 137 5 5
137 15 5 3
26 137 4 4
28 137 3 1
137 42 7 5
55 137 3 3
137 73 5 3
137 93 8 1
137 105 5 1
115 137 6 4
137 122 2 2
124 137 6 1
137 139 3 2
137 148 1 5
137 151 1 3
137 154 2 1
163 137 3 1
137 164 3 3
170 137 7 1
137 177 2 1
137 180 4 2
182 137 8 4
183 137 8 3
137 191 8 2
25 138 1 4
138 36 5 5
46 138 2 4
138 66 7 4
73 138 1 1
103 138 1 2
138 109 3 3
143 138 5 2
138 146 7 5
152 138 8 3
138 157 1 1
138 187 1 2
194 138 7 5
11 139 3 5
21 139 1 2
139 26 7 3
139 27 5 2
139 32 5 2
139 71 6 4
84 139 4 2
93 139 6 5
139 104 3 4
139 107 7 2
118 139 1 2
139 136 5 3
143 139 3 2
139 154 7 1
155 139 6 4
164 139 8 2
167 139 2 1
139 168 6 1
139 170 2 1
139 177 4 4
180 139 2 1
182 139 3 2
187 139 4 3
139 193 2 3
19 140 2 5
140 38 7 5
140 49 7 4
140 75 7 5
140 84 4 5
140 141 3 2
140 144 5 4
147 140 1 3
140 162 6 1
140 171 3 2
140 172 6 4
174 140 6 2
140 175 1 1
181 140 6 1
140 196 5 4
141 0 8 3
3 141 7 4
21 141 2 1
141 45 6 2
141 56 2 3
141 75 7 4
141 78 4 5
84 141 4 4
141 86 8 5
144 141 5 4
141 147 6 5
141 150 6 5
171 141 7 2
141 174 8 3
196 141 3 2
142 26 6 1
55 142 1 3
142 58 5 3
142 93 2 4
112 142 4 4
142 145 5 5
142 149 6 2
142 183 7 3
188 142 7 3
7 143 7 4
16 143 8 5
143 22 2 3
23 143 4 3
143 25 7 2
47 143 7 3
143 71 7 3
143 72 5 1
143 73 6 4
143 99 7 2
103 143 3 3
143 105 6 4
143 110 3 3
133 143 1 2
143 146 5 2
143 147 1 1
143 148 5 1
154 143 2 2
155 143 6 1
143 159 2 3
143 162 7 4
164 143 8 2
143 187 1 5
191 143 7 3
52 144 7 5
150 144 1 1
144 162 5 5
171 144 8 3
144 172 3 3
144 173 6 4
144 174 4 1
178 144 3 4
181 144 6 1
30 145 4 2
145 44 5 5
89 145 6 1
111 145 5 3
115 145 4 3
118 145 7 1
145 151 7 3
188 145 6 1
46 146 7 5
146 103 2 3
146 120 2 5
127 146 2 1
146 152 6 5
146 169 5 1
147 10 5 1
147 13 8 1
14 147 5 1
147 79 6 2
147 84 3 1
147 100 2 1
127 147 5 1
147 154 5 5
147 162 6 2
169 147 6 5
147 172 1 3
147 174 3 2
176 147 1 1
182 147 4 1
147 191 7 4
196 147 3 2
4 148 3 3
148 14 3 2
18 148 5 2
148 37 2 3
59 148 2 2
103 148 7 2
148 107 4 5
148 110 7 2
148 118 2 2
122 148 6 5
148 126 8 5
130 148 2 3
148 139 4 5
151 148 5 4
154 148 4 4
148 155 7 1
148 164 8 5
182 148 4 5
185 148 4 5
187 148 6 1
191 148 4 3
148 193 5 4
28 149 3 3
35 149 4 5
50 149 2 5
59 149 1 3
149 112 5 1
119 149 4 1
145 149 6 4
179 149 2 3
183 149 1 2
188 149 4 2
19 150 6 3
38 150 7 2
150 52 4 4
150 56 4 1
150 75 6 2
150 86 2 3
140 150 4 1
153 150 3 5
171 150 6 4
181 150 3 3
1 151 3 4
4 151 3 4
15 151 5 1
32 151 4 1
151 33 8 1
151 82 7 1
89 151 6 3
92 151 7 3
151 107 7 3
151 114 8 3
117 151 4 1
151 155 8 2
166 151 8 3
151 167 6 5
168 151 2 2
151 177 6 3
182 151 4 3
151 185 5 5
151 193 7 2
198 151 5 1
152 6 3 3
152 22 3 4
46 152 6 2
152 110 7 5
143 152 1 4
169 152 4 4
187 152 5 5
152 192 6 1
194 152 2 1
0 153 4 2
153 140 1 1
153 141 3 4
153 162 1 5
153 169 6 5
153 171 8 5
174 153 5 2
153 181 8 5
1 154 2 3
4 154 3 2
20 154 6 3
154 32 4 4
154 37 5 2
154 42 1 2
154 52 8 3
154 67 1 2
99 154 7 1
154 115 6 5
126 154 2 1
154 151 5 1
162 154 7 1
154 164 5 4
154 170 6 4
177 154 2 2
154 180 2 3
154 185 2 2
196 154 7 1
155 9 4 2
11 155 1 1
155 14 5 5
155 27 4 5
43 155 1 4
55 155 5 4
59 155 5 2
73 155 2 2
84 155 2 1
105 155 5 4
108 155 3 4
112 155 6 4
115 155 7 4
155 119 2 5
126 155 5 4
154 155 8 4
164 155 8 2
155 170 4 4
155 177 5 5
180 155 2 1
155 186 7 4
155 193 3 5
53 156 1 3
61 156 2 1
68 156 7 2
70 156 7 2
156 89 4 2
156 94 2 3
111 156 1 3
156 160 5 1
161 156 2 1
165 156 1 4
156 166 3 1
168 156 2 3
156 184 7 5
190 156 3 3
156 198 4 5
152 157 5 1
158 11 7 5
158 32 6 2
158 61 4 4
64 158 5 1
95 158 2 1
124 158 3 2
161 158 6 1
165 158 2 3
158 166 8 1
168 158 8 2
170 158 7 2
184 158 4 4
193 158 1 1
158 198 3 2
159 25 5 2
159 100 5 2
159 133 3 2
136 159 5 2
146 159 3 5
147 159 5 3
159 153 7 4
159 162 3 5
159 169 2 5
159 192 3 1
194 159 5 4
39 160 5 5
160 69 3 3
160 158 7 5
160 165 3 2
166 160 8 4
184 160 5 5
160 190 4 4
161 8 8 3
49 161 5 4
62 161 3 1
161 85 8 5
161 91 2 4
161 95 6 1
161 113 2 1
161 122 8 3
125 161 3 2
129 161 7 3
131 161 5 5
166 161 3 5
161 168 8 5
170 161 1 4
175 161 2 4
161 176 7 4
161 177 4 1
184 161 1 5
161 189 6 1
161 190 3 3
198 161 4 5
162 10 1 3
19 162 5 5
22 162 7 4
162 23 6 1
33 162 8 1
52 162 1 1
72 162 1 3
77 162 4 3
99 162 7 1
100 162 4 3
121 162 6 4
130 162 6 5
162 169 6 2
172 162 1 4
173 162 6 4
162 178 5 5
182 162 8 1
192 162 8 5
196 162 6 5
163 1 5 3
26 163 7 3
163 43 5 5
163 67 7 2
151 163 8 3
154 163 3 2
163 155 5 1
167 163 4 4
163 180 2 2
182 163 2 5
186 163 4 2
187 163 2 5
191 163 6 4
1 164 5 5
164 21 4 5
164 28 3 2
164 43 5 5
48 164 4 1
164 67 7 2
164 82 8 5
107 164 4 5
164 113 3 1
122 164 7 4
164 130 4 3
167 164 8 5
164 170 6 4
177 164 2 4
164 180 2 1
164 182 3 3
164 185 8 5
186 164 5 3
187 164 7 3
191 164 5 5
61 165 1 1
87 165 2 5
165 184 2 2
190 165 7 1
165 199 7 5
2 166 7 2
17 166 6 3
32 166 6 4
57 166 7 5
166 61 6 3
166 62 1 2
166 63 3 1
166 64 6 2
166 68 5 4
166 74 6 3
114 166 5 5
131 166 5 2
165 166 1 2
166 168 8 2
166 177 6 3
184 166 8 4
166 189 6 2
166 190 4 4
166 193 4 1
166 198 8 2
27 167 2 1
55 167 2 2
135 167 1 4
167 137 6 5
167 148 1 1
154 167 7 2
167 155 3 2
179 167 7 1
180 167 5 1
183 167 8 2
187 167 2 4
168 4 5 5
168 11 6 2
63 168 8 3
168 89 4 1
168 97 3 1
168 105 8 5
168 114 6 2
129 168 4 3
182 168 3 1
168 184 7 4
185 168 8 3
168 189 5 2
168 193 8 1
168 196 4 3
198 168 4 1
7 169 2 5
169 10 3 1
14 169 7 1
169 23 1 5
169 40 3 3
46 169 8 5
47 169 7 1
191 169 3 1
169 194 4 4
11 170 8 3
43 170 3 1
170 63 1 2
170 76 8 2
84 170 6 3
91 170 6 4
105 170 8 4
170 114 2 5
170 116 3 3
119 170 1 4
170 168 4 2
182 170 8 1
185 170 1 2
189 170 5 3
170 191 3 3
196 170 7 3
170 198 6 2
171 0 3 4
3 171 2 1
171 56 7 4
75 171 1 1
171 172 3 3
171 173 7 4
181 171 3 3
0 172 5 5
172 19 4 5
38 172 1 2
45 172 3 4
54 172 1 4
172 86 5 1
125 172 3 5
150 172 7 3
173 172 7 2
196 172 5 3
173 3 6 4
173 56 6 5
75 173 5 3
173 140 6 4
141 173 6 4
150 173 1 4
174 40 6 2
174 45 2 5
60 174 6 2
75 174 2 2
86 174 7 2
174 97 4 1
102 174 4 3
174 105 4 2
174 106 6 2
174 154 3 5
174 175 1 5
174 176 8 5
174 177 1 3
174 178 4 4
174 189 1 2
191 174 8 4
196 174 4 1
20 175 8 4
175 24 3 4
52 175 2 3
62 175 3 3
175 114 7 1
176 175 8 2
175 189 5 4
176 8 1 2
33 176 4 4
176 45 6 5
176 62 2 5
176 74 4 1
176 84 8 3
85 176 4 3
105 176 6 2
176 141 3 4
176 168 6 2
176 170 8 3
178 176 4 4
198 176 4 4
24 177 1 2
177 49 5 1
177 59 5 3
177 76 6 1
177 89 8 4
177 105 4 3
177 106 4 1
115 177 1 4
177 116 6 1
126 177 2 4
177 168 1 3
170 177 1 5
177 176 3 4
177 178 7 5
182 177 5 1
177 186 8 2
177 198 4 1
178 3 7 1
178 21 5 5
178 34 4 2
178 56 6 1
178 74 6 1
79 178 8 2
178 86 2 2
106 178 8 1
147 178 8 3
175 178 8 5
189 178 8 3
15 179 2 2
179 28 2 4
50 179 4 5
88 179 2 2
179 104 8 3
111 179 6 4
179 123 7 3
179 135 2 3
179 188 8 3
4 180 1 5
14 180 6 4
180 18 1 5
27 180 2 4
180 36 1 5
180 48 2 1
180 67 2 1
180 72 2 1
180 73 8 3
93 180 6 4
103 180 1 4
107 180 5 5
180 109 4 5
180 110 3 3
180 132 7 4
180 136 7 3
143 180 6 4
180 182 1 1
180 183 4 1
186 180 4 1
187 180 6 1
180 192 3 2
52 181 5 3
56 181 4 5
77 181 8 5
181 86 4 5
141 181 1 1
173 181 4 1
7 182 2 3
10 182 5 4
182 24 5 5
40 182 4 4
113 182 4 5
182 115 2 3
182 122 2 2
182 124 5 2
127 182 6 2
182 154 6 1
174 182 3 4
182 178 8 3
185 182 7 1
186 182 5 3
182 192 4 3
183 5 6 2
29 183 7 2
183 71 2 2
183 82 8 2
183 90 7 3
183 148 4 1
183 163 7 5
186 183 7 4
184 8 8 5
184 20 5 4
184 57 4 3
61 184 2 3
184 63 2 3
184 69 8 5
184 70 6 3
95 184 5 3
190 184 4 1
184 198 2 5
184 199 1 2
4 185 3 1
28 185 1 2
185 37 5 2
43 185 5 4
185 53 8 4
59 185 1 2
185 82 3 3
185 97 4 3
102 185 5 5
185 105 4 3
185 114 7 2
137 185 7 2
139 185 4 2
185 155 4 4
185 167 2 1
185 177 2 3
186 185 1 5
185 189 1 3
193 185 3 4
1 186 1 1
186 11 4 3
186 31 6 2
186 48 5 5
186 67 7 3
73 186 3 2
186 106 4 2
186 108 6 5
186 113 3 1
186 119 3 2
186 122 8 3
186 139 5 3
186 151 3 2
186 154 7 3
186 167 1 1
186 170 1 5
186 187 4 4
195 186 3 1
187 14 8 3
16 187 6 4
187 42 2 3
187 43 1 2
47 187 1 5
187 67 4 4
187 80 2 1
187 136 3 3
187 137 4 1
187 155 3 4
187 182 6 1
187 192 2 2
12 188 2 4
112 188 7 3
188 195 3 5
7 189 5 5
189 34 4 3
72 189 5 1
189 76 6 5
84 189 8 2
102 189 2 2
106 189 3 3
189 116 2 5
176 189 3 2
17 190 4 5
190 70 5 4
83 190 1 3
95 190 6 3
197 190 5 5
190 199 2 2
7 191 3 1
16 191 5 4
191 21 2 3
22 191 7 1
23 191 6 3
191 27 8 1
34 191 2 2
84 191 2 1
191 99 4 5
191 120 8 1
191 122 1 4
191 139 5 1
191 154 7 4
162 191 3 1
177 191 1 4
182 191 7 5
185 191 2 3
191 186 1 4
187 191 1 2
191 192 2 5
192 7 4 3
192 14 1 4
192 18 5 5
192 42 4 3
47 192 6 4
192 71 4 4
99 192 8 1
103 192 6 1
192 130 3 1
192 143 6 5
169 192 6 3
194 192 6 5
15 193 5 5
193 16 6 2
193 85 5 1
193 104 1 4
193 105 5 4
193 107 7 4
193 137 5 5
193 154 2 4
193 163 7 3
193 164 6 3
167 193 2 3
170 193 4 3
193 180 7 2
182 193 6 4
14 194 1 4
22 194 6 5
34 194 2 2
47 194 1 3
99 194 1 4
195 28 7 1
195 30 6 5
35 195 4 5
195 50 4 1
195 107 2 5
118 195 4 3
123 195 1 1
195 142 3 1
195 145 8 3
195 149 8 1
179 195 2 1
183 195 5 5
196 0 8 1
7 196 7 5
196 24 8 3
196 27 7 1
196 33 7 3
196 75 8 3
83 196 6 5
196 84 6 4
196 102 2 1
196 106 4 3
116 196 5 2
196 175 3 3
177 196 5 5
196 178 5 5
196 182 2 4
197 39 5 1
62 197 7 1
197 70 1 4
197 156 6 3
197 160 3 4
165 197 5 4
197 184 8 5
199 197 7 3
198 49 6 2
198 74 6 3
198 79 8 1
83 198 5 5
95 198 5 5
198 97 5 2
114 198 8 3
198 131 3 1
198 160 3 2
165 198 6 1
199 8 3 5
199 57 5 5
62 199 7 3
87 199 5 2
199 131 4 4
156 199 6 1
199 160 6 2
199 161 6 2
198 199 7 5
