3 0 1 5
13 0 7 3
15 0 1 1
27 0 6 5
41 0 6 4
0 45 7 1
77 0 6 3
2 1 1 2
11 1 6 2
13 1 2 5
1 46 1 2
1 50 2 3
1 53 1 1
54 1 5 5
1 63 8 5
1 88 6 5
92 1 1 1
2 10 4 1
2 11 8 5
13 2 5 1
2 21 6 5
2 24 1 5
2 46 2 3
2 49 7 4
50 2 5 5
2 53 7 3
2 54 4 3
2 63 2 2
2 65 3 1
88 2 2 2
92 2 5 2
3 2 4 4
10 3 7 5
13 3 7 5
40 3 2 3
3 41 3 5
3 53 3 2
77 3 3 1
3 92 7 3
18 4 1 4
4 19 3 3
4 20 2 4
36 4 1 4
4 39 3 5
4 42 5 4
4 48 6 3
58 4 2 4
4 64 8 2
68 4 2 4
4 70 6 1
4 71 3 5
74 4 1 3
83 4 3 2
86 4 3 5
90 4 4 4
5 18 3 5
20 5 6 4
23 5 6 5
5 25 5 5
5 34 5 1
5 38 4 1
5 59 7 5
5 74 2 2
5 76 3 2
79 5 1 4
5 83 8 4
5 89 1 4
10 6 5 3
6 15 8 4
45 6 7 3
6 77 3 1
93 6 5 3
7 17 5 1
23 7 6 5
7 37 4 4
47 7 4 4
67 7 7 5
69 7 1 3
84 7 8 3
7 91 2 1
96 7 6 2
7 97 4 2
8 9 1 5
8 16 1 2
23 8 6 5
25 8 7 4
30 8 1 3
48 8 4 1
55 8 8 5
64 8 5 1
75 8 2 4
8 89 7 1
8 93 4 2
8 94 3 1
4 9 6 1
9 18 1 4
19 9 7 5
9 20 4 4
9 39 3 4
48 9 3 2
9 55 8 4
9 70 7 5
71 9 1 3
9 75 5 5
78 9 7 3
81 9 3 1
83 9 6 2
9 85 3 4
9 86 7 1
0 10 1 5
13 10 2 5
10 15 4 2
10 40 5 1
41 10 8 4
51 10 7 3
53 10 3 3
10 54 3 4
63 10 4 2
65 10 7 1
88 10 6 2
94 10 6 3
10 99 8 5
11 3 4 2
11 13 8 1
11 24 6 2
43 11 5 2
46 11 7 4
11 54 8 5
59 11 8 4
63 11 1 3
11 65 8 5
11 77 7 5
88 11 7 1
99 11 4 3
12 4 2 4
12 20 4 4
12 26 3 4
12 28 2 1
39 12 3 1
68 12 1 4
90 12 5 5
13 29 4 3
13 41 4 4
13 43 6 3
13 53 5 2
13 54 4 5
13 65 3 4
77 13 5 1
13 88 7 4
92 13 7 1
13 99 6 2
7 14 1 4
14 16 1 2
22 14 5 2
14 23 4 3
29 14 3 1
14 30 2 4
14 32 7 4
14 46 7 1
14 59 2 1
14 61 2 3
91 14 7 2
97 14 2 1
15 35 4 4
15 41 8 1
44 15 7 4
15 62 8 3
93 15 5 5
16 5 1 4
16 22 2 4
16 23 1 4
16 31 8 2
16 37 3 5
16 46 4 2
16 56 5 3
16 61 7 5
79 16 6 4
84 16 5 2
85 16 8 4
16 89 6 3
16 94 6 5
17 14 5 5
31 17 1 2
17 32 3 2
17 37 8 2
47 17 2 4
17 52 1 3
17 67 1 3
72 17 4 2
17 76 8 5
17 84 5 2
17 91 3 5
17 95 2 5
98 17 3 2
18 12 8 3
19 18 1 5
25 18 7 5
18 28 5 1
18 42 8 5
58 18 6 3
18 68 1 3
70 18 2 1
75 18 2 2
18 81 1 2
86 18 3 3
18 90 7 5
19 5 6 1
12 19 5 4
20 19 5 2
19 28 3 4
34 19 4 1
36 19 1 1
19 58 7 4
66 19 3 1
19 68 6 1
19 74 1 5
19 75 3 3
81 19 6 5
95 19 1 3
98 19 7 2
20 18 1 3
20 25 4 3
20 26 6 4
34 20 8 5
20 36 7 1
20 39 4 5
42 20 8 5
48 20 5 5
55 20 8 4
20 70 3 4
85 20 6 4
20 89 4 4
21 11 5 5
21 24 3 3
21 29 7 1
21 46 3 4
53 21 8 5
21 54 6 2
65 21 4 5
21 73 4 1
21 96 2 3
22 7 7 2
29 22 4 4
22 30 5 5
22 31 6 1
22 37 1 1
22 47 2 3
22 56 6 2
22 76 6 2
96 22 7 3
22 97 1 4
23 22 1 1
23 30 8 2
23 38 2 2
49 23 2 5
23 54 2 3
23 56 7 2
59 23 6 4
72 23 1 5
76 23 6 2
81 23 3 4
85 23 5 2
23 94 7 4
96 23 7 5
97 23 2 2
24 1 6 3
24 13 6 1
50 24 8 5
53 24 1 4
54 24 1 5
65 24 2 3
24 88 7 5
92 24 1 4
19 25 3 4
25 34 5 2
25 36 6 2
25 39 7 3
25 42 5 3
25 55 4 4
25 58 4 5
66 25 7 2
25 74 5 2
75 25 3 2
25 76 2 4
25 81 2 3
83 25 8 5
85 25 6 2
25 86 2 4
90 25 6 1
97 25 8 2
25 98 4 4
4 26 4 1
18 26 8 2
19 26 4 3
26 28 8 3
26 36 6 1
26 39 4 4
26 70 8 2
27 6 3 1
35 27 7 5
40 27 2 1
27 41 7 2
45 27 5 4
27 57 4 5
60 27 2 4
93 27 1 3
4 28 7 3
20 28 6 1
28 25 5 4
34 28 2 4
28 36 7 5
42 28 3 2
28 58 5 2
28 66 6 2
28 70 1 3
74 28 8 3
75 28 3 1
81 28 8 4
28 83 5 5
28 86 2 4
28 90 4 1
29 2 6 3
16 29 5 1
23 29 3 4
29 30 7 3
37 29 2 1
29 38 8 2
29 46 2 5
29 53 7 5
59 29 7 5
29 61 1 2
29 63 1 4
65 29 1 3
29 73 6 5
29 79 6 3
94 29 7 3
37 30 3 3
30 38 1 3
51 30 5 4
56 30 4 2
63 30 5 4
30 72 5 3
30 79 8 4
81 30 1 3
30 94 3 5
97 30 2 5
31 23 2 4
32 31 8 1
31 49 1 5
31 56 2 1
31 67 6 4
72 31 3 1
31 81 4 1
31 82 1 3
31 84 4 1
96 31 2 2
32 7 1 2
47 32 8 2
32 52 3 2
32 91 2 5
32 96 3 1
44 33 2 4
64 33 7 1
33 71 6 2
33 78 3 2
80 33 5 3
12 34 7 5
34 18 8 3
34 36 3 2
38 34 4 3
39 34 1 3
42 34 6 4
34 48 3 2
34 70 5 3
34 71 5 2
34 74 8 5
75 34 6 3
34 78 3 1
34 80 8 4
81 34 1 4
85 34 2 5
34 90 5 3
34 95 6 4
35 0 2 2
35 6 5 2
35 40 4 3
35 57 8 4
60 35 6 4
77 35 5 5
35 80 2 5
9 36 1 5
12 36 1 1
36 39 4 3
36 58 4 5
68 36 5 1
70 36 2 3
74 36 2 4
83 36 8 4
90 36 6 3
37 14 2 1
47 37 3 2
37 61 4 5
72 37 2 3
37 91 7 1
37 96 6 4
97 37 1 5
38 8 5 2
38 9 6 2
38 16 6 1
48 38 4 4
51 38 5 3
59 38 4 4
38 64 5 4
38 78 5 4
79 38 7 1
38 80 5 3
81 38 1 5
38 87 4 2
89 38 1 5
93 38 8 4
38 94 6 3
18 39 4 1
39 28 4 5
55 39 4 3
68 39 5 4
70 39 8 2
39 74 7 5
83 39 8 3
90 39 6 3
40 0 2 1
40 6 4 3
13 40 1 2
40 15 5 1
40 43 7 5
40 45 8 3
40 50 4 1
40 51 5 5
40 54 1 2
57 40 4 5
62 40 1 5
40 79 8 3
40 88 4 4
40 94 4 4
41 6 6 2
43 41 3 5
45 41 6 2
62 41 1 5
41 77 3 1
79 41 8 1
41 93 2 1
41 94 6 1
9 42 2 4
19 42 6 1
42 38 8 3
42 39 4 4
48 42 7 2
42 55 7 4
58 42 8 5
42 64 5 5
68 42 4 4
42 70 8 1
71 42 3 1
74 42 2 1
42 75 4 4
78 42 5 3
42 80 1 1
81 42 8 4
83 42 4 1
87 42 1 4
42 90 7 5
3 43 6 4
29 43 3 2
43 50 6 4
43 53 1 3
43 54 5 4
43 63 5 2
73 43 4 1
43 88 2 1
43 92 1 1
43 94 1 5
99 43 5 2
44 45 3 1
44 48 8 1
44 60 6 2
62 44 3 2
44 71 3 5
87 44 6 3
44 89 7 2
44 93 5 4
45 15 8 1
57 45 6 3
62 45 7 4
93 45 7 5
22 46 4 5
24 46 8 2
37 46 4 5
49 46 6 2
46 54 3 1
61 46 4 2
46 65 7 2
73 46 6 3
84 46 2 3
14 47 2 4
47 31 7 1
47 52 2 2
47 72 2 2
82 47 5 2
47 91 7 3
47 97 7 4
48 33 4 3
48 68 4 4
70 48 4 3
71 48 6 1
78 48 7 1
48 80 4 4
83 48 1 4
89 48 7 3
93 48 7 4
14 49 6 1
16 49 7 4
21 49 8 5
37 49 6 3
49 53 6 2
49 54 8 3
49 59 2 4
65 49 8 5
72 49 3 3
49 73 1 2
50 0 2 3
50 3 6 3
10 50 7 4
41 50 1 5
54 50 3 3
50 63 2 4
50 65 1 5
50 77 8 5
88 50 4 1
99 50 2 5
8 51 8 2
29 51 2 1
51 54 3 3
62 51 3 5
51 79 3 4
85 51 7 5
51 87 2 3
51 89 1 2
51 93 8 2
7 52 7 3
52 69 1 1
76 52 8 5
52 82 6 2
97 52 6 3
52 98 3 3
46 53 4 5
59 53 7 3
63 53 4 1
53 65 6 2
77 53 7 5
88 53 6 3
94 53 4 3
54 16 1 3
54 59 4 4
63 54 3 4
65 54 4 5
73 54 6 2
77 54 4 1
54 92 5 5
94 54 7 2
99 54 5 2
55 5 5 2
55 18 5 4
19 55 4 3
55 28 1 2
34 55 6 5
55 36 7 3
55 38 6 2
48 55 1 1
58 55 2 4
64 55 3 1
68 55 7 3
55 71 2 5
55 75 4 4
78 55 8 3
55 81 6 5
86 55 2 5
90 55 6 5
55 95 7 3
56 14 8 3
32 56 4 2
37 56 1 1
46 56 6 4
47 56 8 1
49 56 6 4
56 84 2 2
56 91 5 1
96 56 8 5
97 56 7 1
0 57 4 3
6 57 3 2
57 15 3 2
93 57 4 1
34 58 5 4
39 58 3 1
68 58 2 5
58 71 4 4
75 58 4 3
58 83 3 3
58 85 2 4
90 58 2 3
8 59 6 2
59 22 5 1
63 59 8 5
79 59 3 2
59 81 7 4
61 22 5 5
23 61 7 1
61 56 2 4
61 63 1 5
84 61 4 3
61 96 4 4
62 6 2 1
62 27 7 2
62 43 1 3
57 62 4 5
62 77 5 5
62 79 1 4
62 87 2 4
46 63 3 5
84 63 4 5
92 63 2 3
94 63 6 4
64 5 8 4
64 34 8 1
44 64 6 2
68 64 7 5
64 80 6 5
83 64 3 4
64 85 8 1
64 89 1 2
64 93 8 2
1 65 6 4
65 3 2 1
65 73 3 3
65 92 6 5
66 4 8 3
20 66 7 4
66 26 3 2
66 36 5 5
66 42 3 3
66 74 8 3
66 90 2 2
67 32 7 3
56 67 6 3
69 67 2 3
67 84 1 2
91 67 7 3
67 96 4 4
68 20 3 2
68 26 7 3
34 68 5 4
66 68 5 3
68 70 6 4
68 71 6 3
83 68 8 4
69 17 1 1
72 69 2 3
69 82 2 5
91 69 2 5
96 69 2 2
12 70 8 5
58 70 7 2
70 64 1 5
70 90 1 2
12 71 5 3
18 71 6 3
20 71 1 1
71 64 1 1
71 70 4 5
71 78 3 1
89 71 7 5
90 71 3 2
7 72 2 1
72 14 5 5
72 32 1 3
52 72 8 1
72 56 5 2
72 61 3 3
72 67 7 5
72 76 6 3
84 72 7 3
73 1 6 3
73 24 7 2
50 73 8 2
73 53 4 5
63 73 4 5
92 73 5 3
74 9 2 4
18 74 6 3
74 55 7 5
74 75 7 4
76 74 8 2
74 81 4 4
83 74 3 5
90 74 3 1
95 74 4 2
97 74 8 4
98 74 6 4
5 75 2 4
16 75 8 4
20 75 4 3
75 38 2 3
75 76 2 1
89 75 4 5
75 97 8 4
75 98 4 1
76 14 3 2
76 16 2 1
30 76 3 2
37 76 5 4
76 47 5 1
56 76 3 3
81 76 1 5
76 82 4 4
76 85 4 2
76 91 5 2
95 76 1 2
97 76 5 1
76 98 1 1
40 77 4 1
43 77 6 2
77 45 6 3
77 57 6 2
59 77 8 1
77 79 4 2
77 94 4 1
20 78 4 3
78 44 4 4
68 78 3 1
78 83 2 1
85 78 3 5
89 78 3 2
78 93 1 5
79 8 4 3
23 79 5 1
85 79 1 4
79 87 6 4
89 79 1 5
93 79 4 4
8 80 6 3
20 80 2 2
80 44 5 4
71 80 2 3
80 78 3 1
87 80 3 1
89 80 5 1
81 5 8 4
81 8 7 4
36 81 8 3
81 58 8 4
75 81 2 4
81 79 4 1
87 81 8 4
89 81 8 4
81 95 6 4
81 97 2 4
81 98 3 3
7 82 7 4
82 14 7 5
17 82 3 4
82 32 6 2
82 72 2 4
91 82 2 5
82 97 4 2
98 82 8 1
83 12 3 2
19 83 3 3
20 83 4 4
83 55 4 3
83 66 2 2
83 70 8 1
75 83 4 4
83 81 5 1
86 83 4 1
90 83 3 1
21 84 1 1
37 84 4 5
49 84 5 4
84 91 5 4
5 85 7 4
8 85 5 1
18 85 3 1
19 85 7 2
85 30 6 3
85 42 6 3
85 94 6 4
85 95 6 2
36 86 6 4
86 39 2 1
66 86 7 5
87 5 2 3
8 87 4 5
9 87 2 3
87 33 7 1
48 87 5 5
55 87 5 1
71 87 8 3
78 87 8 2
93 87 1 3
88 3 8 5
88 63 6 1
65 88 7 5
73 88 2 5
88 77 3 4
89 9 2 4
30 89 1 5
89 34 4 1
89 42 1 1
94 89 5 5
90 9 4 3
26 90 6 4
90 68 3 5
86 90 3 1
22 91 6 2
91 52 1 3
91 72 2 1
91 96 5 4
88 92 3 5
40 93 8 2
93 62 8 4
94 93 6 2
94 79 4 3
95 9 5 3
18 95 3 2
95 36 2 5
42 95 5 4
95 47 2 5
95 52 1 4
58 95 2 3
75 95 3 4
95 86 6 4
98 95 4 4
96 17 5 5
96 72 1 4
84 96 4 1
5 97 7 4
31 97 3 1
97 72 5 3
85 97 4 4
97 95 6 5
98 47 4 4
98 97 7 1
99 1 8 5
24 99 7 4
53 99 6 3
65 99 5 2
99 88 5 5
92 99 4 3
