1 0 38 14
0 2 29 6
4 0 5 12
18 0 5 17
0 22 24 10
23 0 1 3
0 26 37 8
0 29 5 3
0 31 17 9
37 0 33 5
38 0 7 14
0 48 17 17
52 0 58 17
0 59 56 3
68 0 13 8
0 72 16 4
80 0 32 8
82 0 30 4
88 0 13 13
3 1 64 3
1 6 58 20
18 1 48 13
22 1 16 16
1 23 2 13
26 1 53 10
29 1 3 8
31 1 3 10
48 1 23 14
1 52 49 15
1 59 63 15
1 66 12 6
82 1 2 19
83 1 5 12
96 1 23 7
1 97 58 20
2 1 8 18
3 2 34 3
2 7 31 4
2 8 41 14
10 2 15 6
2 16 6 4
18 2 30 13
22 2 17 16
2 28 30 2
2 29 30 18
2 31 47 10
2 37 36 7
2 40 29 7
44 2 28 4
48 2 52 7
2 52 45 13
2 53 41 20
2 73 14 5
83 2 6 11
2 86 52 3
2 97 18 14
3 8 10 2
3 11 8 17
14 3 19 12
23 3 23 5
3 29 39 3
37 3 15 12
3 39 47 7
3 45 16 20
3 52 63 15
53 3 19 11
63 3 34 5
3 68 1 19
76 3 58 12
3 83 8 20
86 3 14 6
90 3 31 13
3 97 49 13
6 4 42 5
4 10 36 17
4 12 31 10
27 4 3 19
30 4 17 4
36 4 27 14
4 43 33 5
49 4 36 20
56 4 16 7
4 59 62 17
4 63 43 18
4 81 64 6
4 82 13 19
86 4 58 14
4 88 53 18
4 97 36 17
5 13 43 18
5 24 53 9
5 33 47 5
41 5 62 12
47 5 30 11
55 5 62 8
5 62 40 7
5 72 27 1
5 95 35 6
5 6 64 12
10 6 55 6
18 6 33 15
30 6 5 13
33 6 21 19
6 51 2 3
52 6 49 10
81 6 42 19
6 94 39 13
7 25 36 3
28 7 21 12
7 31 56 11
37 7 52 15
7 40 57 4
7 44 53 2
7 45 42 8
53 7 58 6
7 89 20 4
90 7 20 10
7 93 50 14
8 11 35 12
37 8 57 12
8 38 8 9
8 48 47 6
8 53 38 4
8 60 38 11
8 68 60 17
76 8 4 20
8 83 18 6
8 88 9 7
90 8 8 14
2 9 10 17
7 9 14 17
16 9 11 17
17 9 30 20
28 9 28 14
9 31 50 3
9 37 8 4
9 44 64 12
45 9 27 11
9 50 52 20
57 9 15 20
9 64 4 8
78 9 36 8
9 87 7 10
96 9 16 6
98 9 43 4
14 10 20 6
10 26 14 10
10 43 3 7
52 10 42 14
59 10 19 1
10 65 45 6
66 10 47 13
72 10 4 10
10 80 31 4
81 10 10 10
10 82 62 13
10 83 18 15
10 86 24 15
94 10 15 13
97 10 27 9
32 11 48 10
39 11 30 2
11 46 1 17
11 73 52 14
11 76 27 4
11 88 40 5
89 11 5 5
90 11 26 12
12 23 37 8
12 26 19 3
12 29 54 14
36 12 59 2
12 38 32 12
43 12 63 18
12 59 1 6
12 60 50 1
12 61 14 16
12 66 18 14
74 12 7 11
12 82 55 10
13 34 22 8
47 13 20 10
64 13 46 10
13 79 61 16
85 13 44 7
13 93 32 1
95 13 57 15
14 0 43 20
1 14 18 9
14 2 7 5
14 8 29 5
14 11 58 15
14 22 49 18
14 23 58 8
26 14 38 1
31 14 55 12
32 14 24 14
37 14 23 1
38 14 14 16
14 45 19 9
14 53 43 12
14 63 37 15
14 68 33 19
73 14 22 17
80 14 61 1
14 86 15 17
14 90 36 5
94 14 39 3
5 15 58 17
15 19 32 18
15 24 7 16
33 15 9 12
34 15 32 4
15 47 13 9
50 15 34 16
62 15 56 14
15 64 32 11
15 72 43 3
15 79 3 11
92 15 42 8
15 93 36 13
15 96 47 10
16 7 28 5
25 16 37 15
16 31 54 20
16 39 17 12
57 16 63 10
16 68 49 17
16 77 36 1
16 78 37 1
90 16 15 4
93 16 3 1
19 17 48 4
50 17 27 15
64 17 13 5
17 77 29 14
85 17 35 1
17 87 64 4
93 17 17 10
17 98 25 14
4 18 1 8
18 23 45 19
18 34 21 20
43 18 44 14
18 51 28 3
52 18 60 3
18 59 51 13
65 18 35 1
18 80 26 11
18 81 29 19
82 18 37 3
18 83 51 9
86 18 17 12
18 97 21 11
19 9 20 16
19 13 18 15
19 24 22 10
35 19 54 20
19 40 16 8
19 47 26 18
19 50 45 20
62 19 11 8
19 77 5 11
19 85 25 7
19 87 57 12
19 92 55 18
19 96 43 9
20 41 45 4
43 20 45 18
20 49 18 14
20 51 54 15
58 20 19 7
20 81 35 14
21 12 61 1
21 14 49 16
27 21 52 16
21 29 46 3
38 21 12 1
21 43 31 13
48 21 33 1
21 52 40 8
59 21 61 5
60 21 24 13
21 63 18 16
21 66 59 17
21 97 10 8
3 22 63 2
22 7 11 15
9 22 14 1
28 22 23 19
22 31 17 20
22 35 23 8
22 40 25 5
22 44 58 13
45 22 42 12
22 48 60 4
53 22 32 7
22 57 32 5
22 77 38 14
78 22 44 12
80 22 42 1
83 22 1 10
22 86 53 16
90 22 17 16
93 22 14 2
23 2 34 10
23 4 48 20
23 10 42 12
23 21 54 9
26 23 6 12
23 29 15 1
23 48 4 13
52 23 6 10
23 53 10 18
23 59 17 20
60 23 51 3
23 63 25 20
23 66 21 19
23 76 11 4
23 80 35 19
86 23 59 17
23 97 13 7
24 33 36 2
24 34 6 13
50 24 24 13
62 24 47 13
24 64 30 1
65 24 25 3
24 72 12 19
24 79 2 9
24 84 4 18
95 24 44 9
25 8 23 5
32 25 45 7
25 39 8 19
44 25 20 15
53 25 57 16
25 68 19 3
25 73 29 6
89 25 5 7
25 90 55 6
26 27 54 12
26 29 31 16
26 30 61 13
26 36 39 19
26 52 23 4
59 26 4 7
63 26 3 14
26 72 25 4
26 75 26 12
82 26 17 1
26 83 33 1
94 26 61 2
30 27 56 5
27 36 23 3
27 42 16 12
54 27 8 16
59 27 4 10
61 27 42 7
69 27 12 20
75 27 51 20
27 82 61 10
28 31 24 2
28 44 48 12
45 28 16 18
28 77 10 10
28 78 63 5
83 28 36 9
28 87 29 5
28 96 14 3
98 28 14 17
11 29 34 12
29 14 18 2
32 29 40 18
37 29 54 19
29 38 28 1
29 48 17 9
68 29 64 14
29 76 34 20
29 80 6 8
30 18 13 19
20 30 64 4
30 36 13 13
41 30 47 18
30 51 16 1
30 56 37 5
30 65 9 14
75 30 48 7
82 30 14 17
30 91 45 18
94 30 29 2
10 31 48 20
37 31 12 19
40 31 12 4
44 31 32 16
48 31 48 14
52 31 25 20
31 68 34 1
72 31 55 10
31 83 60 16
31 86 63 12
90 31 63 13
94 31 47 20
96 31 40 17
97 31 8 20
32 38 52 20
39 32 25 16
32 46 1 10
32 60 56 5
70 32 46 8
32 73 41 2
76 32 22 16
88 32 43 15
89 32 6 9
90 32 38 14
10 33 52 3
33 34 5 15
33 62 13 2
65 33 53 8
33 72 54 17
81 33 49 4
33 84 4 14
92 33 55 11
33 94 40 19
95 33 41 8
1 34 12 13
5 34 24 2
41 34 24 3
64 34 36 18
34 65 47 4
92 34 46 2
34 94 15 1
34 96 26 18
35 9 13 8
17 35 45 13
28 35 8 6
35 40 24 18
35 44 24 4
35 50 63 2
55 35 11 7
77 35 41 9
35 87 51 9
35 93 5 17
35 96 21 6
42 36 57 4
43 36 1 1
36 49 62 11
54 36 61 7
56 36 27 1
36 58 4 12
59 36 37 6
61 36 4 18
63 36 34 18
67 36 18 9
36 69 64 1
75 36 27 19
99 36 42 20
16 37 16 1
37 23 53 14
28 37 52 1
37 39 19 9
40 37 32 4
45 37 46 4
37 48 24 12
57 37 47 1
37 83 23 11
37 86 21 12
37 90 63 19
93 37 24 19
37 96 62 12
11 38 23 7
38 23 13 19
48 38 59 11
38 52 40 6
60 38 64 6
38 68 51 11
73 38 40 8
76 38 7 6
80 38 10 13
82 38 18 15
38 97 3 3
7 39 56 7
39 8 53 13
53 39 49 7
68 39 51 11
70 39 39 16
73 39 36 20
76 39 25 12
90 39 29 15
40 16 6 12
40 44 28 9
40 45 43 3
50 40 29 7
55 40 51 1
40 77 35 16
40 78 23 8
40 85 31 8
87 40 49 13
93 40 12 4
40 96 43 12
41 6 62 20
33 41 47 20
41 51 8 19
72 41 40 2
41 79 18 1
84 41 57 11
41 91 10 2
95 41 45 12
12 42 57 12
42 43 28 7
49 42 7 10
54 42 44 11
42 58 18 1
61 42 33 4
42 67 46 15
71 42 7 6
74 42 50 13
75 42 50 15
82 42 16 16
42 99 36 9
43 26 13 6
43 27 8 19
49 43 27 7
54 43 52 17
43 63 41 5
43 75 13 16
94 43 16 6
16 44 59 15
37 44 6 14
39 44 32 7
44 45 21 2
53 44 57 15
44 57 7 12
44 80 40 1
44 83 20 20
85 44 54 12
44 86 48 17
87 44 8 6
89 44 48 14
45 0 21 8
45 2 53 20
45 16 27 2
45 25 54 16
45 57 51 3
77 45 50 17
78 45 64 5
45 80 37 5
45 83 30 6
45 86 56 7
45 89 31 9
45 90 11 10
45 93 30 8
46 39 8 2
46 89 7 18
24 47 33 14
47 35 57 19
40 47 51 17
47 50 11 9
47 55 40 16
79 47 27 4
47 85 57 16
92 47 34 4
93 47 41 15
96 47 36 14
48 3 45 15
48 4 48 12
48 10 29 5
48 14 6 17
26 48 13 15
48 45 4 17
59 48 33 18
48 63 33 6
73 48 24 2
48 80 40 6
48 82 51 14
48 83 49 9
48 86 45 10
48 88 39 10
94 48 6 12
49 27 60 9
54 49 25 6
58 49 42 18
49 67 28 7
69 49 8 5
74 49 61 2
49 75 27 7
82 49 51 1
55 50 45 20
62 50 23 3
64 50 53 11
50 85 20 8
50 93 11 10
4 51 61 19
51 26 24 10
51 43 64 9
51 75 17 13
51 94 62 16
52 14 21 1
52 22 33 2
37 52 48 12
52 48 26 14
52 59 31 20
52 63 62 4
68 52 60 5
52 80 20 7
52 83 62 8
86 52 12 17
52 88 44 4
52 94 62 10
53 16 8 4
29 53 24 8
31 53 39 20
53 32 42 18
48 53 19 1
70 53 60 14
53 80 43 13
53 83 57 18
53 88 58 5
89 53 31 15
53 90 42 15
54 56 26 14
54 69 50 13
74 54 17 9
75 54 46 13
54 99 8 13
15 55 17 8
55 19 14 20
55 24 26 3
55 62 55 17
55 85 35 19
55 87 55 11
55 92 20 10
96 55 56 4
12 56 11 16
21 56 17 4
27 56 24 19
42 56 11 10
56 43 42 20
56 58 18 5
59 56 41 16
61 56 30 11
63 56 15 1
56 66 52 8
71 56 16 8
75 56 8 8
56 82 33 12
99 56 5 2
7 57 53 3
25 57 36 1
28 57 8 6
39 57 63 2
57 78 5 4
30 58 47 19
51 58 42 11
67 58 35 15
69 58 16 4
58 75 41 2
99 58 58 3
6 59 56 9
30 59 60 2
59 63 15 16
59 66 9 17
72 59 54 8
59 75 15 1
82 59 53 10
59 86 23 9
59 88 59 7
59 94 3 2
97 59 20 7
11 60 33 11
14 60 37 14
60 27 48 3
60 36 52 4
48 60 37 12
60 63 5 12
60 66 24 17
88 60 51 15
60 97 44 11
43 61 1 5
61 49 14 15
54 61 4 4
71 61 56 19
61 74 46 9
75 61 30 16
62 13 32 18
62 79 49 15
84 62 30 13
62 92 25 13
62 95 54 3
12 63 31 13
29 63 44 18
38 63 35 12
63 42 61 2
66 63 47 12
69 63 58 13
82 63 25 1
63 97 12 13
64 19 43 13
28 64 62 6
64 35 36 2
40 64 64 6
47 64 41 7
64 62 7 5
77 64 5 7
64 92 3 5
6 65 61 19
41 65 19 12
65 51 20 13
79 65 58 13
65 81 14 4
84 65 52 17
65 92 20 12
94 65 1 15
95 65 5 1
66 0 45 15
66 4 25 2
18 66 54 14
66 26 17 2
66 27 23 19
66 30 3 10
48 66 52 20
66 49 53 17
66 52 29 12
66 75 44 13
86 66 62 10
88 66 43 1
66 94 49 9
43 67 29 4
67 54 21 19
61 67 11 17
67 69 10 15
75 67 12 9
7 68 48 18
68 22 22 7
68 23 10 10
68 45 34 6
48 68 60 2
68 60 47 16
73 68 38 6
76 68 17 18
83 68 54 2
86 68 1 5
88 68 22 2
68 90 7 15
12 69 44 13
43 69 3 16
69 56 57 16
69 61 44 20
71 69 33 15
74 69 44 10
69 82 52 18
69 99 19 10
8 70 53 15
70 11 16 13
46 70 54 5
73 70 51 2
76 70 11 10
89 70 63 20
90 70 45 10
71 36 47 5
71 49 57 17
71 54 54 10
58 71 45 4
71 67 27 5
71 74 35 14
75 71 43 1
71 99 4 12
4 72 36 8
6 72 45 15
18 72 5 19
72 34 58 13
72 48 31 16
72 52 25 11
72 64 34 17
72 65 15 2
83 72 33 11
92 72 31 2
72 93 7 5
97 72 56 14
23 73 20 9
29 73 7 10
73 46 37 3
73 53 3 12
76 73 57 6
73 89 52 12
73 90 4 12
27 74 52 14
74 36 59 8
75 74 64 7
75 4 56 1
20 75 7 5
75 69 14 1
75 91 33 6
99 75 30 7
14 76 42 17
76 53 11 19
60 76 45 5
7 77 52 4
9 77 3 14
57 77 30 8
78 77 35 2
77 85 59 3
96 77 34 12
77 98 48 16
7 78 48 2
78 25 22 1
87 78 35 7
78 89 3 4
78 98 2 15
79 84 19 14
79 95 9 3
80 2 62 5
7 80 10 12
80 8 17 11
80 28 15 14
37 80 36 20
80 39 31 4
80 68 16 12
72 80 37 13
73 80 5 12
96 80 57 3
80 97 53 3
81 41 4 2
43 81 41 8
51 81 44 6
81 59 9 15
81 75 38 1
81 94 2 1
14 82 10 15
21 82 57 5
29 82 45 18
52 82 24 14
82 60 21 10
75 82 49 1
86 82 20 4
82 97 63 9
83 7 42 7
83 14 30 13
83 29 36 10
83 73 64 4
80 83 45 15
86 83 8 12
83 88 41 7
83 90 24 7
83 94 60 12
96 83 1 5
97 83 2 17
5 84 1 2
6 84 46 17
92 84 64 15
84 95 55 19
9 85 16 19
85 35 60 20
96 85 64 20
85 98 6 4
86 38 47 6
86 72 35 4
86 88 46 10
86 94 40 10
96 86 12 19
86 97 45 10
16 87 22 8
64 87 47 20
85 87 44 9
87 93 10 14
96 87 38 16
98 87 53 8
1 88 8 13
2 88 7 15
3 88 60 5
88 18 8 12
21 88 58 8
88 26 15 18
29 88 7 1
88 37 1 2
88 63 6 2
88 73 61 9
76 88 7 17
90 88 18 18
97 88 6 20
89 57 42 8
68 89 38 20
89 90 55 3
44 90 6 1
48 90 27 20
90 76 55 8
80 90 10 4
6 91 15 1
20 91 18 9
91 65 61 8
91 81 19 19
6 92 44 8
92 41 15 14
92 50 27 6
92 79 7 9
93 2 44 19
93 9 6 20
93 19 60 2
28 93 16 20
44 93 42 20
93 55 56 14
83 93 14 9
93 85 18 10
92 93 34 8
94 0 22 4
1 94 36 19
2 94 51 9
4 94 28 4
82 94 22 11
92 94 44 8
97 94 28 19
95 6 18 6
15 95 61 12
95 47 49 19
96 0 4 13
96 13 5 18
22 96 45 12
45 96 11 1
64 96 31 7
96 92 2 5
96 93 54 13
0 97 39 5
97 26 17 4
97 29 48 5
66 97 16 12
98 35 43 16
49 99 56 12
61 99 55 11
99 67 37 10
99 74 44 16
