0 34 51 9
90 0 23 16
91 0 8 20
0 98 24 8
10 1 50 9
1 52 38 17
1 68 50 15
74 1 41 11
58 2 14 14
63 2 36 11
2 87 16 18
3 15 5 10
3 51 53 5
3 75 10 13
32 4 19 2
5 2 10 17
5 13 19 13
5 16 6 13
5 20 49 17
5 23 47 16
31 5 5 8
43 5 50 12
5 82 17 14
2 6 56 8
16 6 13 2
6 23 48 11
6 31 23 4
6 57 51 1
6 82 64 10
28 7 33 16
7 30 33 6
35 7 16 4
71 7 40 2
7 72 47 20
89 7 33 8
29 8 2 13
30 8 12 19
36 8 58 5
39 8 56 8
46 8 40 15
8 79 49 10
81 8 3 13
8 89 3 4
5 9 41 8
6 9 40 14
13 9 42 14
20 9 52 14
57 9 55 4
9 82 6 2
12 10 48 12
10 25 52 3
10 33 20 16
10 54 54 2
61 10 23 3
64 10 8 12
19 11 11 6
11 41 34 4
67 11 13 19
76 11 12 20
83 11 62 9
86 11 58 18
93 11 26 17
21 12 10 9
25 12 27 3
12 45 24 7
54 12 17 12
12 61 4 3
13 2 28 20
14 13 51 20
16 13 22 19
13 17 41 11
13 31 31 7
43 13 9 13
14 20 31 1
31 14 61 1
55 14 20 12
57 14 26 8
15 27 34 10
15 51 3 3
15 59 59 18
15 93 27 20
16 2 53 18
23 16 34 13
16 58 18 11
87 16 49 13
17 20 42 10
17 23 26 13
17 31 64 1
37 17 22 3
40 17 21 11
55 17 23 7
17 80 49 18
48 18 11 10
60 18 8 19
18 78 37 8
79 18 51 14
97 18 13 10
38 19 26 11
56 19 33 7
66 19 38 18
19 76 13 10
97 19 8 17
20 6 64 1
20 13 28 11
31 20 45 5
40 20 37 20
20 57 4 14
82 20 40 4
10 21 11 15
21 25 18 14
21 61 1 18
22 7 39 4
22 46 42 16
71 22 3 19
22 72 60 12
77 22 64 6
22 96 39 5
14 23 22 19
20 23 27 15
23 31 10 1
23 37 12 5
23 40 37 15
55 23 48 9
23 57 42 14
18 24 46 19
24 42 50 14
24 48 38 19
50 24 13 3
24 60 35 9
24 65 28 19
70 24 31 2
78 24 1 13
79 24 2 7
54 25 50 14
25 64 55 16
8 26 15 14
26 29 43 3
30 26 14 12
26 39 36 5
26 46 40 20
49 26 32 14
26 79 50 16
81 26 28 16
26 89 6 8
27 3 60 6
27 41 45 13
51 27 39 4
27 56 39 5
59 27 22 17
27 97 64 3
28 0 19 13
36 28 19 4
69 28 54 17
28 72 3 11
77 28 43 5
18 29 34 14
24 29 4 4
29 36 59 14
39 29 13 2
49 29 15 19
50 29 32 15
29 60 51 1
29 79 56 13
29 81 39 6
92 29 58 9
22 30 49 5
36 30 46 11
30 99 24 4
2 31 32 9
31 37 44 3
58 31 14 10
31 63 64 18
32 2 41 18
32 58 45 14
63 32 29 1
32 87 57 1
25 33 42 9
33 42 61 2
45 33 61 11
33 61 13 1
64 33 35 4
75 33 46 18
85 33 5 4
28 34 59 17
34 65 52 18
69 34 17 5
70 34 52 19
34 84 6 9
90 34 63 16
30 35 38 1
89 35 7 12
26 36 32 1
49 36 35 5
36 50 4 15
36 79 6 10
92 36 4 5
40 37 39 19
37 80 64 2
11 38 27 13
32 38 56 5
66 38 14 16
73 38 11 18
39 46 1 4
50 39 32 7
69 39 23 19
81 39 35 14
39 89 57 12
39 92 2 7
39 99 35 12
40 14 54 14
43 40 44 16
40 55 14 6
41 19 10 9
38 41 45 10
41 56 55 15
41 59 45 12
66 41 23 19
73 41 3 16
76 41 46 12
18 42 43 19
42 79 19 4
88 42 20 3
42 97 56 7
9 43 45 11
43 55 60 6
57 43 46 8
43 82 61 8
22 44 60 13
53 44 4 18
71 44 45 6
1 45 62 8
52 45 37 13
54 45 56 8
64 45 59 16
45 74 30 12
46 7 33 20
28 46 10 1
46 77 34 17
89 46 5 5
47 3 11 6
47 51 14 18
97 47 21 13
60 48 11 19
65 48 37 19
66 48 54 4
48 73 9 14
48 78 16 12
80 48 63 20
24 49 63 1
49 50 40 6
49 65 53 9
69 49 29 1
70 49 49 12
49 78 2 1
79 49 43 19
92 49 32 11
50 18 55 16
26 50 63 7
50 65 26 5
81 50 26 13
92 50 19 18
56 51 11 19
51 59 62 18
52 54 44 14
74 52 22 18
22 53 47 9
71 53 28 16
77 53 27 20
53 91 5 20
53 95 33 19
1 54 32 9
21 54 56 10
64 54 32 8
20 55 46 9
56 11 35 6
15 56 30 4
56 73 37 6
76 56 30 12
56 97 51 4
57 82 23 14
58 4 20 1
63 58 22 19
59 67 49 5
86 59 19 16
59 93 24 20
49 60 34 10
65 60 56 1
66 60 51 12
60 73 25 20
88 60 58 20
61 25 6 5
62 61 45 7
61 64 63 5
85 61 26 9
62 75 37 4
85 62 5 14
63 6 24 17
63 16 31 16
63 23 14 5
87 63 52 15
12 64 48 3
21 64 55 20
65 37 51 18
70 65 54 8
78 65 64 17
65 92 52 7
4 66 31 12
73 66 58 15
76 67 19 13
67 86 2 16
93 67 34 2
67 94 19 5
45 68 25 15
54 68 63 15
68 74 34 6
65 69 54 13
69 81 47 2
92 69 62 18
69 99 36 1
29 70 5 1
70 48 44 8
70 50 40 19
69 70 33 11
70 81 48 7
70 92 39 15
71 72 19 13
71 77 22 14
95 71 23 17
96 71 30 9
72 77 57 5
73 4 48 3
73 19 39 14
73 76 27 1
74 35 23 8
47 75 10 17
4 76 35 5
76 38 4 20
76 94 5 13
77 7 33 3
91 77 13 3
77 95 1 1
77 96 34 20
60 78 20 12
78 66 55 2
78 73 58 10
78 84 46 10
78 88 15 7
79 39 30 13
79 81 3 10
88 79 19 9
79 99 27 9
78 80 20 12
80 84 19 16
81 28 22 1
81 36 2 11
46 81 15 1
92 81 48 3
83 67 3 10
37 84 5 1
84 65 22 6
85 42 62 17
75 85 5 10
83 86 28 12
94 86 8 17
87 31 51 7
18 88 60 6
88 24 8 7
50 88 16 8
96 89 55 18
90 40 12 14
55 90 48 5
90 98 8 7
91 22 54 17
8 92 51 19
99 92 18 4
83 93 54 2
93 86 22 10
93 94 15 17
95 96 15 11
30 96 22 3
97 3 60 15
97 41 37 6
97 73 29 6
97 88 27 7
99 36 60 20
46 99 40 11
89 99 63 2
