2 0 58 16
12 0 45 12
14 0 50 14
19 0 46 14
30 0 40 3
37 0 42 15
40 0 59 2
0 44 41 19
0 52 6 12
0 57 9 10
0 71 54 11
0 75 13 12
0 77 1 6
80 0 59 10
87 0 57 15
0 104 6 12
110 0 42 5
111 0 27 9
0 113 12 4
134 0 23 6
139 0 24 14
0 148 23 16
156 0 30 19
0 174 27 8
176 0 8 17
0 182 48 5
0 185 59 10
0 188 16 9
1 2 41 8
1 3 2 8
5 1 44 12
1 15 5 3
16 1 9 10
23 1 46 10
32 1 10 10
37 1 31 16
38 1 62 11
55 1 28 13
1 67 2 14
76 1 56 11
86 1 56 8
89 1 39 3
1 93 16 16
1 100 60 8
119 1 27 8
140 1 4 3
178 1 9 10
184 1 16 10
2 15 55 9
2 21 35 4
37 2 2 15
46 2 64 14
51 2 46 9
55 2 1 12
2 76 47 16
81 2 60 8
89 2 27 4
93 2 6 10
2 95 5 5
100 2 29 1
2 113 43 7
2 118 16 10
2 126 52 5
128 2 38 8
2 132 27 18
2 135 42 3
2 139 22 8
140 2 47 17
147 2 31 5
156 2 53 5
2 158 53 17
163 2 57 14
165 2 17 18
168 2 7 1
184 2 43 1
2 186 5 17
5 3 42 15
3 23 62 9
34 3 31 17
3 56 12 15
64 3 42 11
67 3 1 15
78 3 52 10
93 3 50 2
3 95 12 3
119 3 44 11
132 3 57 1
133 3 51 9
135 3 12 17
3 163 24 12
5 4 52 20
4 7 38 1
10 4 42 4
11 4 16 16
13 4 63 18
4 14 41 8
4 15 13 6
4 32 25 13
37 4 64 13
39 4 46 5
62 4 24 2
4 67 57 16
69 4 24 8
4 73 10 11
4 74 31 20
4 78 11 11
84 4 38 13
90 4 18 14
119 4 35 3
122 4 23 8
4 124 5 14
125 4 19 7
127 4 2 15
131 4 48 10
4 135 23 11
4 139 40 16
4 140 62 15
150 4 23 4
154 4 49 1
156 4 28 8
158 4 42 12
164 4 17 15
4 167 27 16
4 177 44 11
4 183 23 18
4 186 52 1
4 191 63 7
4 194 34 4
4 196 3 5
5 7 28 18
5 13 38 17
15 5 19 1
5 26 8 16
32 5 52 15
5 53 17 12
64 5 21 17
5 67 54 10
78 5 15 6
5 92 15 13
93 5 37 20
5 95 55 10
119 5 7 13
5 122 4 10
126 5 50 19
5 130 40 6
133 5 4 2
158 5 47 14
163 5 37 16
165 5 29 8
178 5 57 1
183 5 4 3
5 186 63 13
5 196 47 20
0 6 48 19
6 8 13 4
19 6 14 12
21 6 37 5
24 6 14 9
40 6 6 18
6 43 15 8
6 44 36 16
6 47 61 13
52 6 15 5
6 54 42 5
57 6 9 14
71 6 38 16
72 6 56 1
6 81 40 12
6 82 49 7
83 6 16 18
87 6 63 14
98 6 63 8
6 101 36 4
6 104 34 4
117 6 41 8
6 118 13 11
143 6 52 5
6 168 13 20
170 6 39 11
6 173 58 3
6 174 60 18
182 6 38 16
6 185 64 19
188 6 62 12
6 189 56 8
10 7 3 8
13 7 6 2
15 7 29 14
7 17 48 14
32 7 50 11
34 7 61 17
64 7 46 12
74 7 5 17
7 78 6 16
7 90 5 8
122 7 41 12
124 7 40 13
7 127 26 2
7 147 57 12
150 7 11 1
158 7 44 20
7 165 21 8
7 177 50 17
7 178 60 6
7 183 29 2
186 7 32 3
190 7 42 9
191 7 33 6
7 194 39 3
7 196 13 17
19 8 47 15
8 35 11 10
40 8 39 20
43 8 48 19
44 8 50 20
47 8 5 7
8 49 14 10
57 8 44 13
8 72 60 15
75 8 2 3
8 77 17 7
8 80 56 6
8 83 4 10
98 8 4 20
99 8 39 7
103 8 44 14
8 108 3 11
8 110 63 3
8 117 30 14
145 8 56 10
8 148 7 9
171 8 37 9
8 172 22 4
188 8 50 6
189 8 15 16
28 9 26 4
9 33 35 18
43 9 63 7
49 9 41 1
9 54 18 1
61 9 21 17
9 71 16 7
82 9 45 1
9 146 5 20
159 9 45 10
170 9 34 18
193 9 59 6
5 10 36 1
10 14 53 1
15 10 35 20
10 17 43 16
32 10 3 17
10 37 6 8
50 10 30 4
51 10 9 7
10 62 3 9
64 10 10 3
10 73 42 5
74 10 32 20
78 10 38 16
87 10 16 15
10 90 42 18
123 10 33 5
10 124 56 11
127 10 39 16
10 130 44 18
10 131 2 10
10 135 21 13
139 10 55 6
10 140 39 7
147 10 16 5
158 10 45 15
10 164 30 14
165 10 1 5
178 10 59 12
183 10 1 12
190 10 33 5
10 194 23 13
10 196 64 14
14 11 7 20
11 17 50 20
11 20 6 3
27 11 47 13
45 11 40 4
11 50 11 15
11 62 43 20
90 11 48 14
104 11 2 1
11 124 46 7
125 11 52 19
11 127 58 8
129 11 34 15
11 138 9 11
141 11 55 13
11 153 18 4
11 161 33 16
164 11 64 13
11 165 37 17
167 11 6 10
169 11 58 8
11 177 14 8
179 11 35 20
11 183 13 19
192 11 50 12
11 195 2 3
19 12 17 19
12 24 33 13
25 12 1 8
12 42 53 5
12 75 15 1
12 84 50 1
12 88 63 5
12 97 49 2
12 99 17 7
102 12 4 7
12 107 62 17
12 109 47 17
12 112 62 13
12 129 12 6
134 12 32 14
12 143 29 19
12 144 14 17
12 149 50 1
151 12 8 4
12 152 38 10
12 166 47 18
12 173 63 20
174 12 17 19
12 179 55 10
181 12 51 4
12 195 14 16
13 2 36 9
10 13 11 16
15 13 8 10
32 13 31 7
50 13 25 5
51 13 55 15
13 64 60 1
67 13 59 18
13 74 23 10
84 13 8 13
89 13 7 13
13 100 27 3
13 101 7 1
113 13 14 3
13 119 35 9
122 13 37 19
123 13 24 18
127 13 45 19
133 13 4 14
13 135 11 12
13 150 29 12
154 13 1 2
163 13 8 12
164 13 38 2
13 165 47 10
13 167 11 1
186 13 32 3
191 13 30 15
194 13 44 6
196 13 28 11
14 12 26 14
14 20 59 2
14 36 10 3
14 48 39 16
50 14 4 20
52 14 53 10
14 58 25 4
62 14 8 18
14 65 36 18
69 14 48 2
14 73 32 3
14 84 14 10
87 14 42 4
104 14 12 2
14 116 52 4
14 127 14 12
14 129 41 5
139 14 38 13
14 141 33 15
14 142 55 17
14 156 55 3
14 165 63 3
166 14 63 8
14 167 49 4
168 14 26 13
179 14 8 16
180 14 10 20
183 14 38 11
14 195 15 1
14 198 54 8
15 23 52 8
15 32 49 4
15 34 3 1
51 15 21 7
55 15 21 12
15 64 56 4
67 15 38 8
93 15 7 11
95 15 36 12
100 15 52 15
15 101 27 4
15 119 35 8
122 15 48 15
123 15 1 4
15 131 61 17
135 15 28 8
139 15 45 8
15 140 30 16
15 147 46 14
15 156 34 13
15 163 6 12
15 183 41 16
15 184 28 8
15 186 20 11
190 15 58 16
194 15 4 9
15 196 13 15
16 2 35 7
23 16 28 17
38 16 4 20
16 54 40 15
16 55 46 8
61 16 34 16
16 63 12 4
16 81 64 16
16 89 25 8
101 16 40 4
16 114 8 4
119 16 13 13
159 16 18 1
16 160 22 19
16 170 8 9
193 16 10 14
197 16 40 18
20 17 53 8
17 50 47 18
60 17 35 13
17 62 11 19
17 73 22 13
17 74 55 8
90 17 7 12
91 17 12 8
94 17 58 2
17 116 60 20
17 122 6 11
124 17 52 16
17 125 54 12
127 17 1 5
142 17 9 14
147 17 24 5
154 17 9 10
17 164 4 16
165 17 13 15
17 167 3 1
177 17 45 14
17 194 34 6
196 17 22 10
33 18 36 3
43 18 57 16
18 54 40 17
61 18 58 15
63 18 11 5
66 18 59 3
71 18 35 17
81 18 59 7
18 82 41 3
18 98 52 8
114 18 26 19
18 118 15 1
121 18 18 13
146 18 57 11
18 160 46 2
170 18 58 20
193 18 57 6
18 197 55 12
19 25 5 5
19 40 45 16
19 42 13 16
48 19 40 18
19 57 22 14
72 19 50 8
19 77 64 8
80 19 59 4
85 19 41 1
96 19 39 16
102 19 44 14
19 103 2 7
19 108 57 3
19 109 50 15
19 134 52 7
143 19 38 6
19 145 31 9
148 19 46 10
152 19 31 8
19 155 17 11
166 19 12 9
19 171 41 9
173 19 47 17
19 174 40 16
181 19 45 3
189 19 23 17
27 20 53 6
20 29 4 1
20 36 33 17
45 20 27 12
58 20 60 13
20 59 20 7
20 60 62 17
20 65 1 4
20 69 13 1
73 20 59 7
20 90 50 10
91 20 18 9
20 116 8 20
20 123 42 3
20 125 45 5
136 20 35 17
138 20 24 16
150 20 33 7
154 20 7 2
20 167 15 11
175 20 13 20
177 20 4 2
20 179 5 17
21 0 17 1
21 16 30 20
23 21 22 13
21 48 21 12
21 52 18 18
21 61 21 4
67 21 5 10
21 71 34 11
76 21 52 2
21 81 43 5
86 21 50 7
87 21 6 20
89 21 24 5
100 21 47 10
126 21 64 16
21 128 21 5
132 21 59 6
21 156 46 3
21 159 53 20
168 21 33 15
176 21 1 12
185 21 38 2
188 21 19 15
21 193 45 4
22 8 39 4
22 19 63 3
24 22 24 8
22 31 16 4
22 42 24 6
57 22 53 17
72 22 33 2
22 75 13 6
83 22 11 20
22 102 15 6
103 22 26 14
106 22 46 13
22 108 30 4
22 110 45 14
22 111 38 4
22 115 39 17
22 134 9 14
145 22 49 2
155 22 58 14
171 22 20 15
22 176 15 13
181 22 2 1
23 5 27 16
23 26 39 20
23 34 57 15
23 37 37 4
23 51 50 16
23 55 20 1
61 23 32 3
23 67 29 15
76 23 16 12
23 93 20 2
23 95 59 20
100 23 64 12
101 23 23 7
23 113 6 4
126 23 12 9
23 132 24 16
135 23 33 5
23 146 1 15
147 23 61 15
23 184 5 12
186 23 32 3
24 8 44 1
24 25 47 9
24 31 64 1
47 24 9 2
57 24 47 7
58 24 42 5
70 24 52 15
24 75 22 11
24 79 64 2
24 80 14 1
24 83 39 3
24 96 42 8
99 24 34 18
103 24 54 15
112 24 15 8
24 117 27 7
134 24 14 13
24 148 46 17
24 149 3 20
24 151 41 6
155 24 44 4
157 24 52 8
24 171 64 19
172 24 12 12
24 173 14 7
24 176 61 19
181 24 62 1
24 189 48 20
198 24 46 12
29 25 23 6
25 31 13 1
40 25 17 7
41 25 11 15
42 25 7 11
25 47 9 18
25 58 21 2
70 25 51 16
75 25 11 20
88 25 48 20
102 25 47 17
104 25 50 19
25 106 23 5
25 108 33 2
25 120 64 5
144 25 25 5
25 145 61 1
151 25 13 8
25 152 40 6
25 157 54 1
162 25 28 14
25 172 15 5
25 174 20 20
181 25 58 13
198 25 46 12
26 1 64 18
2 26 5 5
3 26 5 7
4 26 58 20
10 26 13 3
26 13 20 17
26 32 58 7
34 26 37 12
37 26 53 18
26 51 47 18
52 26 34 6
55 26 12 19
26 64 24 14
26 78 6 7
26 89 32 9
93 26 27 15
95 26 16 1
26 100 28 6
26 113 51 1
26 119 47 14
122 26 12 12
123 26 28 8
26 126 64 19
130 26 14 19
147 26 6 9
26 164 13 18
26 168 20 14
183 26 20 11
26 186 62 5
14 27 57 16
59 27 15 16
27 62 57 3
27 65 13 8
70 27 56 11
27 79 1 15
90 27 36 3
97 27 40 1
27 104 3 14
27 107 16 19
116 27 17 17
123 27 26 19
27 125 53 9
27 141 12 18
150 27 1 18
27 154 14 6
27 156 13 14
166 27 4 1
173 27 45 9
27 177 63 16
27 179 27 14
27 180 12 17
27 192 2 3
27 195 8 4
198 27 31 13
28 33 62 6
35 28 50 9
28 38 27 9
28 43 57 4
63 28 64 19
66 28 48 2
28 71 5 10
81 28 55 1
86 28 22 20
98 28 18 17
114 28 58 12
121 28 14 15
28 146 52 18
159 28 19 10
160 28 62 3
28 170 5 11
28 197 42 1
12 29 20 19
27 29 11 18
36 29 53 16
29 58 24 17
29 59 42 17
29 70 28 18
88 29 9 13
29 97 12 3
29 105 44 15
29 125 35 1
141 29 64 13
144 29 20 2
29 149 4 17
29 151 38 4
153 29 56 17
157 29 14 15
29 162 56 6
29 169 6 11
29 179 15 13
29 180 55 6
29 192 42 18
29 195 43 11
198 29 1 8
199 29 41 12
6 30 46 20
43 30 59 14
44 30 47 8
30 49 47 9
30 54 40 16
30 57 34 4
72 30 23 16
30 77 25 10
80 30 52 13
108 30 6 16
110 30 9 5
111 30 10 19
128 30 29 19
148 30 59 13
159 30 53 20
30 170 22 18
30 176 56 17
30 185 55 8
189 30 56 7
19 31 43 6
42 31 54 18
57 31 46 1
83 31 23 16
31 85 54 20
31 99 27 2
31 106 57 20
31 108 11 19
109 31 21 3
112 31 2 1
31 120 7 5
31 134 54 16
31 137 22 7
145 31 2 12
151 31 40 10
31 152 49 19
155 31 47 8
157 31 61 2
31 162 38 19
172 31 53 11
32 3 8 2
23 32 43 9
32 37 36 3
32 53 34 5
64 32 39 18
32 67 16 1
74 32 37 6
32 78 19 4
32 95 50 17
127 32 14 18
130 32 19 7
133 32 37 17
135 32 19 18
140 32 30 9
32 163 29 15
178 32 27 17
183 32 51 14
190 32 36 10
32 191 50 17
33 35 41 8
33 49 6 11
54 33 25 1
63 33 51 20
71 33 37 12
33 81 17 1
82 33 15 8
114 33 9 18
33 170 60 15
33 182 41 12
33 185 50 18
34 1 42 3
53 34 64 17
34 56 5 19
34 67 18 15
34 78 31 16
92 34 36 3
34 93 49 16
34 119 60 5
133 34 45 17
34 135 43 3
34 140 37 11
147 34 54 3
34 158 23 20
34 163 36 11
34 178 36 2
186 34 36 9
34 190 60 14
34 191 45 13
34 196 59 9
18 35 18 12
35 30 37 19
35 43 20 13
63 35 11 1
80 35 19 14
35 81 25 5
35 110 11 8
35 117 2 2
35 118 38 5
121 35 44 2
35 159 7 11
160 35 22 6
35 170 33 18
35 176 37 20
35 182 64 15
185 35 21 1
188 35 30 3
189 35 39 20
35 193 51 17
11 36 40 16
36 12 2 15
27 36 37 16
36 58 53 1
36 70 16 6
73 36 24 8
36 79 6 4
84 36 59 12
87 36 5 18
36 104 11 9
107 36 11 9
122 36 47 3
36 123 62 14
125 36 35 4
36 129 57 1
36 139 24 13
36 141 22 5
142 36 29 20
36 153 26 12
36 154 34 5
156 36 52 20
164 36 40 5
36 166 40 16
167 36 15 3
36 173 53 14
36 174 1 8
177 36 1 16
179 36 6 12
36 195 37 8
36 198 29 8
37 5 61 4
13 37 40 15
15 37 4 15
37 48 35 19
37 51 63 9
55 37 7 12
37 64 35 2
67 37 21 19
37 84 49 13
37 87 40 5
89 37 46 14
37 93 1 14
100 37 32 16
37 126 21 8
128 37 26 3
37 130 12 10
37 132 44 13
37 135 34 5
139 37 20 15
147 37 18 7
37 150 28 16
158 37 61 14
37 164 2 10
37 165 1 18
168 37 28 13
37 178 19 11
183 37 7 13
37 184 12 8
37 186 18 1
190 37 59 7
191 37 2 12
2 38 15 18
9 38 48 11
21 38 41 2
46 38 31 17
38 54 59 7
55 38 13 19
63 38 9 7
71 38 54 17
38 81 24 3
38 82 35 20
89 38 57 8
93 38 57 12
113 38 52 20
119 38 49 6
126 38 64 1
132 38 57 4
38 159 22 2
160 38 64 9
38 170 2 2
182 38 49 2
184 38 14 12
193 38 59 13
197 38 46 5
7 39 62 4
10 39 26 7
60 39 50 3
39 69 64 1
39 73 45 2
39 94 63 12
122 39 61 16
39 130 47 9
131 39 3 12
142 39 26 5
39 150 54 4
165 39 57 3
194 39 33 10
40 12 42 9
30 40 16 8
40 41 36 5
40 42 22 13
44 40 47 16
40 47 25 12
48 40 28 17
40 52 18 11
57 40 54 5
40 70 34 15
77 40 28 20
83 40 37 4
40 103 45 12
40 104 31 15
106 40 37 3
108 40 2 6
109 40 54 18
40 110 43 20
111 40 63 18
40 117 29 15
40 128 9 16
134 40 11 8
143 40 34 4
148 40 63 11
152 40 15 17
155 40 20 20
40 166 24 9
40 171 17 6
40 172 60 2
173 40 9 11
176 40 41 13
41 8 15 19
41 19 1 16
22 41 9 5
24 41 29 12
31 41 60 15
42 41 26 1
41 47 25 18
41 83 27 9
85 41 24 14
99 41 34 2
41 102 18 13
41 106 53 13
109 41 64 17
110 41 22 18
41 120 47 1
41 134 64 18
137 41 55 5
155 41 45 20
41 157 23 2
162 41 45 14
41 172 63 8
189 41 35 17
42 47 63 16
57 42 8 14
75 42 48 1
83 42 11 3
85 42 46 2
96 42 41 17
99 42 15 8
102 42 2 14
104 42 56 7
106 42 59 18
42 108 2 10
110 42 52 2
42 111 62 14
42 112 22 10
115 42 23 18
120 42 46 4
134 42 22 5
137 42 17 5
42 145 39 17
42 155 11 18
157 42 6 1
42 162 61 18
172 42 46 15
174 42 28 10
198 42 52 4
43 33 23 8
43 54 48 5
43 71 2 15
77 43 3 1
98 43 48 14
43 114 7 6
117 43 46 18
43 148 48 17
170 43 11 13
176 43 16 14
182 43 39 10
188 43 28 6
44 22 55 2
24 44 10 13
31 44 40 9
72 44 35 16
44 75 16 6
44 77 64 17
83 44 6 14
44 96 24 16
98 44 10 13
99 44 36 7
102 44 43 12
44 103 37 6
44 106 20 3
110 44 45 13
111 44 28 3
115 44 50 4
134 44 30 15
137 44 31 5
44 143 53 5
44 148 50 9
152 44 14 1
44 155 12 5
172 44 30 4
44 173 59 9
44 174 7 19
44 181 26 9
44 188 61 5
45 60 12 1
68 45 15 19
73 45 60 17
91 45 46 16
116 45 51 18
125 45 37 15
136 45 27 10
138 45 34 9
142 45 5 7
153 45 50 9
169 45 11 1
45 175 6 3
46 1 59 4
46 21 14 19
54 46 49 16
46 55 8 3
46 61 56 2
63 46 12 8
81 46 19 5
86 46 7 19
89 46 63 7
46 93 5 9
95 46 50 13
46 114 47 9
118 46 46 9
46 132 11 3
146 46 20 18
46 170 54 2
19 47 44 3
47 22 27 20
31 47 61 15
44 47 55 14
47 57 31 3
47 80 14 14
47 85 22 11
47 99 15 2
47 102 17 10
47 103 58 16
106 47 50 12
47 108 8 9
47 110 56 9
47 115 51 3
47 117 59 1
47 120 23 20
134 47 24 11
143 47 11 18
47 145 18 6
47 152 57 9
155 47 50 7
47 189 6 11
48 6 41 20
26 48 40 6
48 27 52 1
52 48 54 3
79 48 47 6
48 84 41 4
48 87 52 10
48 100 45 9
104 48 38 20
48 113 36 7
129 48 57 8
48 143 5 7
150 48 53 15
48 154 1 16
48 156 39 3
48 166 8 11
48 183 35 20
49 54 8 14
63 49 39 20
66 49 18 2
49 71 38 8
49 72 9 16
49 77 40 4
80 49 54 11
81 49 27 16
49 82 50 12
98 49 7 2
49 114 20 4
118 49 50 19
49 121 30 18
49 146 23 20
148 49 21 11
49 159 53 20
170 49 30 5
185 49 30 7
49 188 53 19
50 20 19 5
62 50 3 5
64 50 39 6
65 50 19 8
69 50 37 10
73 50 43 6
50 74 37 20
50 84 62 2
94 50 28 16
122 50 53 15
123 50 44 20
127 50 15 2
50 130 54 11
131 50 17 7
142 50 54 4
154 50 62 3
156 50 1 1
158 50 41 13
50 164 49 18
165 50 13 16
177 50 22 18
183 50 18 1
50 186 43 16
50 194 60 5
196 50 8 13
51 4 46 8
5 51 6 2
51 7 15 18
32 51 2 12
51 34 42 14
53 51 32 10
51 56 40 19
51 64 13 16
95 51 12 3
119 51 18 1
126 51 58 3
127 51 53 9
132 51 57 2
135 51 36 1
51 147 17 2
51 158 59 11
51 163 12 4
183 51 64 19
51 186 49 9
51 190 51 17
191 51 41 10
196 51 14 16
52 19 33 17
37 52 27 13
52 54 56 9
81 52 36 15
87 52 9 8
89 52 6 2
52 100 37 16
107 52 52 16
111 52 9 9
113 52 8 6
52 119 15 17
123 52 8 2
126 52 16 19
52 129 4 9
139 52 61 3
146 52 63 4
156 52 59 18
52 165 43 15
52 170 16 3
173 52 48 7
52 176 34 5
52 184 11 10
185 52 52 8
7 53 15 19
15 53 13 7
53 56 41 7
53 64 4 8
53 78 6 17
92 53 10 8
53 131 49 7
140 53 40 20
53 147 1 13
53 158 60 6
163 53 51 16
53 186 18 17
53 194 23 11
196 53 11 12
54 0 46 10
54 2 9 3
21 54 47 20
54 35 23 9
55 54 60 15
61 54 9 11
63 54 8 7
54 76 54 19
77 54 3 7
54 86 26 13
54 98 1 18
100 54 18 2
54 101 48 12
113 54 54 11
54 114 27 5
118 54 53 4
121 54 46 5
54 128 41 17
54 146 41 8
54 159 64 5
160 54 35 7
54 176 20 15
197 54 27 20
55 3 31 12
13 55 37 7
55 21 46 7
55 67 28 19
55 76 60 2
55 81 56 14
93 55 3 12
95 55 28 4
100 55 58 20
113 55 24 2
55 118 23 9
119 55 31 13
55 126 59 7
132 55 25 12
135 55 53 20
140 55 43 7
55 146 30 19
55 159 17 1
163 55 29 9
55 168 45 13
55 178 63 9
55 184 39 18
197 55 59 10
56 1 56 8
5 56 1 16
7 56 53 18
15 56 56 13
56 78 45 9
56 93 25 11
56 131 7 13
56 135 21 11
140 56 30 9
56 158 3 6
163 56 23 20
186 56 22 10
190 56 53 6
191 56 16 6
57 41 28 12
57 43 63 5
71 57 5 6
80 57 33 20
57 83 28 12
57 85 48 9
98 57 39 14
57 99 54 15
108 57 64 20
115 57 32 16
57 117 44 7
134 57 38 9
57 143 40 11
145 57 1 15
152 57 12 10
155 57 32 5
166 57 57 19
171 57 23 13
181 57 10 9
57 185 33 3
11 58 6 4
58 12 4 11
58 27 16 19
40 58 31 11
42 58 9 8
79 58 15 5
84 58 53 9
102 58 36 5
105 58 26 16
58 109 48 10
112 58 63 14
125 58 55 10
129 58 62 20
134 58 62 1
138 58 41 7
58 141 7 7
58 149 9 13
58 151 27 10
153 58 14 15
157 58 18 14
162 58 56 1
58 166 40 11
58 173 27 19
58 174 2 20
179 58 56 3
58 180 10 16
192 58 52 4
58 195 10 6
58 198 55 18
58 199 26 7
59 45 9 8
59 62 49 15
65 59 55 1
91 59 56 15
125 59 54 12
136 59 57 14
138 59 40 11
141 59 45 17
59 153 57 10
59 179 6 1
187 59 26 11
192 59 35 14
59 195 34 5
199 59 59 13
60 11 5 5
59 60 52 4
60 62 15 14
60 68 4 5
60 90 56 14
60 136 59 5
142 60 41 9
60 161 62 12
180 60 5 18
60 187 44 19
2 61 10 12
28 61 16 6
61 43 19 14
49 61 13 3
61 63 58 3
61 66 18 17
71 61 63 15
61 76 17 1
81 61 48 19
82 61 13 3
61 86 37 10
101 61 60 1
113 61 56 7
114 61 49 7
61 118 50 12
61 126 54 19
132 61 5 14
146 61 41 20
61 159 15 17
160 61 56 1
61 168 9 5
170 61 57 11
182 61 16 7
185 61 13 4
62 36 51 18
62 65 43 15
62 68 49 8
69 62 17 10
62 73 21 9
74 62 18 6
62 84 39 10
90 62 48 15
91 62 42 3
116 62 34 19
62 123 57 5
62 124 13 19
62 127 24 18
130 62 58 10
141 62 22 19
62 150 27 19
62 154 19 7
62 161 42 8
167 62 5 5
62 169 40 8
175 62 58 12
62 179 7 7
62 180 18 15
187 62 42 7
62 195 48 1
76 63 46 11
86 63 41 14
63 113 39 16
63 118 51 20
63 121 35 15
146 63 24 20
170 63 22 12
182 63 56 4
197 63 1 5
64 34 64 7
64 89 1 15
92 64 29 6
64 94 34 13
64 119 55 13
123 64 35 6
130 64 6 10
135 64 3 8
140 64 22 1
147 64 5 3
150 64 35 3
64 158 16 17
163 64 41 15
165 64 37 6
178 64 33 1
64 183 41 16
186 64 36 3
191 64 23 20
194 64 11 16
196 64 6 2
11 65 57 12
17 65 7 5
36 65 46 18
65 39 10 18
65 45 32 8
65 60 14 17
68 65 50 2
69 65 27 13
73 65 48 19
65 90 21 7
65 116 32 5
65 125 25 20
65 136 14 18
65 150 46 3
65 154 2 1
65 161 36 20
164 65 8 15
65 175 7 15
177 65 40 11
65 187 39 3
65 192 58 8
65 195 39 1
33 66 23 16
63 66 51 18
66 81 26 4
66 114 12 19
66 121 54 4
66 170 9 19
66 182 38 8
66 193 5 16
197 66 23 18
2 67 16 6
67 26 43 8
67 89 3 10
67 93 6 8
67 95 46 8
100 67 58 8
101 67 47 10
123 67 35 19
67 126 54 5
131 67 56 18
67 133 14 6
67 140 39 7
67 147 5 1
156 67 44 12
67 158 23 12
67 163 14 9
67 165 37 9
67 178 5 12
186 67 39 16
67 196 3 2
68 59 57 6
91 68 35 6
68 153 33 19
68 161 63 16
68 169 62 2
180 68 17 1
68 187 54 7
68 192 57 4
7 69 57 14
10 69 3 2
69 11 38 19
60 69 4 14
69 74 3 10
90 69 18 19
122 69 61 15
123 69 25 3
69 124 5 4
125 69 13 1
127 69 58 18
147 69 30 3
69 164 14 6
69 165 4 17
175 69 7 19
69 180 37 2
69 183 52 10
69 186 6 16
12 70 40 9
70 42 16 12
58 70 49 7
70 88 8 20
70 97 16 6
102 70 22 15
70 104 9 6
105 70 54 7
70 106 3 12
112 70 45 5
70 134 28 16
70 141 26 4
143 70 25 11
144 70 49 13
149 70 47 12
70 151 47 5
157 70 40 14
70 174 9 2
70 179 50 15
198 70 3 17
71 8 32 3
35 71 42 4
71 54 24 7
66 71 12 13
71 77 11 11
71 81 24 13
98 71 12 20
110 71 18 19
113 71 51 11
117 71 51 19
71 121 51 2
146 71 38 16
71 159 49 16
71 170 8 15
71 176 8 9
182 71 27 6
71 185 44 10
72 0 51 15
24 72 25 10
35 72 48 1
72 40 39 6
72 43 4 6
72 47 2 4
72 57 47 13
71 72 16 15
77 72 23 17
72 80 55 4
82 72 25 13
72 83 37 2
72 85 63 3
98 72 16 19
108 72 2 20
110 72 47 11
72 111 39 8
72 115 26 6
128 72 62 4
182 72 3 11
72 189 29 15
73 7 59 10
27 73 33 16
73 60 24 3
74 73 56 14
84 73 56 4
73 91 34 11
73 116 31 11
123 73 17 16
130 73 24 2
73 147 1 2
150 73 56 11
73 154 31 10
73 164 37 13
165 73 2 4
73 167 20 11
73 175 37 17
73 177 8 16
194 73 41 4
5 74 56 4
74 11 14 5
74 15 6 6
39 74 54 13
64 74 35 17
78 74 45 7
84 74 7 2
90 74 9 10
94 74 61 19
74 124 63 5
125 74 51 1
74 131 32 7
140 74 9 3
147 74 61 6
154 74 22 12
74 158 59 3
164 74 2 10
74 165 26 17
177 74 60 8
183 74 14 19
74 186 1 18
74 194 44 16
196 74 57 9
40 75 12 11
41 75 8 9
75 47 4 13
58 75 39 13
70 75 54 14
75 79 39 19
75 85 54 9
75 96 22 17
99 75 21 11
102 75 28 4
75 103 58 5
75 106 46 6
75 107 54 13
75 109 13 14
111 75 15 10
112 75 16 8
75 115 29 17
117 75 4 15
75 134 30 14
75 145 22 3
75 151 49 20
75 155 56 6
157 75 39 15
75 162 40 10
171 75 59 9
172 75 7 14
173 75 33 19
181 75 14 13
189 75 40 11
198 75 33 16
76 16 1 6
76 38 25 8
81 76 41 1
76 86 15 2
76 95 61 2
76 100 21 4
76 113 63 12
76 118 4 14
146 76 16 9
76 159 21 17
160 76 45 9
76 184 26 1
76 193 42 10
197 76 45 8
77 6 20 17
18 77 18 19
77 22 31 9
24 77 55 2
47 77 8 3
57 77 10 6
75 77 36 20
83 77 57 1
77 98 23 6
77 108 56 7
110 77 40 20
111 77 45 20
117 77 6 20
145 77 12 4
77 160 34 1
77 171 58 7
176 77 24 3
77 185 18 17
77 188 24 7
189 77 11 18
13 78 18 8
78 15 44 15
51 78 2 3
78 64 59 15
78 133 2 19
140 78 22 8
147 78 62 11
78 178 18 13
78 183 40 17
190 78 6 12
191 78 32 14
194 78 33 16
78 196 7 20
6 79 64 19
79 11 9 12
12 79 39 15
19 79 29 13
79 52 9 7
87 79 14 18
101 79 35 12
104 79 28 13
107 79 34 20
79 125 26 3
79 129 1 11
150 79 59 15
79 154 25 10
79 156 2 15
157 79 56 17
79 164 63 5
79 165 17 3
173 79 55 4
174 79 40 6
79 179 3 11
183 79 56 8
195 79 44 6
198 79 11 11
6 80 16 14
54 80 23 16
80 71 29 2
75 80 56 3
77 80 29 14
82 80 16 15
80 85 47 1
98 80 56 8
160 80 37 13
170 80 59 20
171 80 37 7
80 176 20 10
188 80 9 2
81 9 48 11
54 81 37 4
81 82 31 14
81 86 34 5
98 81 1 2
81 113 55 6
114 81 25 20
81 118 31 9
126 81 55 16
81 128 31 13
146 81 28 13
81 159 6 1
81 185 64 18
193 81 60 10
28 82 10 18
30 82 30 7
82 43 48 8
71 82 3 6
98 82 23 17
82 114 45 7
82 118 12 9
128 82 37 17
146 82 5 16
176 82 28 16
193 82 2 2
82 197 23 17
30 83 62 14
47 83 63 1
83 80 27 17
96 83 10 13
83 102 22 2
83 108 55 1
111 83 31 9
83 117 53 10
134 83 7 17
137 83 32 15
83 143 60 14
83 145 33 5
148 83 63 7
83 152 31 13
155 83 40 2
83 171 26 14
176 83 16 18
185 83 64 11
83 189 20 12
84 10 32 4
84 11 42 7
84 27 3 3
52 84 63 11
84 65 4 3
69 84 3 7
104 84 53 8
107 84 25 5
122 84 17 2
84 127 57 2
84 129 40 18
130 84 10 3
139 84 44 12
142 84 40 20
147 84 42 9
154 84 49 20
164 84 7 13
165 84 57 16
84 167 1 15
168 84 37 8
84 179 48 2
180 84 40 8
186 84 22 1
85 22 22 13
44 85 8 2
77 85 3 15
85 103 50 20
109 85 46 3
85 110 11 15
115 85 8 2
85 134 15 8
143 85 52 16
85 145 27 1
85 148 3 14
155 85 30 17
85 171 28 14
173 85 30 8
176 85 12 20
181 85 55 5
86 16 12 9
23 86 18 20
86 38 63 19
86 55 6 15
86 82 32 4
93 86 64 19
86 114 63 18
86 119 8 20
121 86 24 16
126 86 63 20
86 132 15 9
146 86 57 7
160 86 48 17
86 168 37 14
170 86 47 5
86 182 52 20
86 193 28 14
2 87 51 10
87 4 4 8
13 87 64 13
87 26 15 20
87 84 54 18
87 89 16 12
87 100 29 10
101 87 28 13
104 87 62 3
87 107 2 4
87 113 37 17
87 122 26 20
123 87 11 14
87 128 25 17
130 87 53 14
147 87 52 12
87 150 27 17
156 87 59 12
87 164 62 14
165 87 21 12
168 87 37 9
87 173 35 2
87 183 32 15
188 87 35 12
97 88 19 14
88 105 31 19
112 88 7 11
88 120 11 11
88 134 56 1
143 88 8 12
144 88 15 15
88 149 35 6
88 151 25 3
195 88 59 13
198 88 56 12
88 199 37 18
89 5 26 1
89 15 22 9
51 89 10 20
89 55 36 13
89 61 48 9
76 89 36 9
89 86 59 4
101 89 39 2
113 89 49 11
119 89 48 1
89 128 27 1
89 135 16 11
89 139 30 9
89 147 16 5
89 156 44 15
158 89 48 15
89 159 30 4
163 89 10 19
184 89 33 9
14 90 24 13
90 50 14 15
73 90 16 4
90 91 33 3
116 90 21 9
122 90 33 2
90 123 25 13
124 90 7 15
131 90 36 18
142 90 31 2
90 147 18 11
90 150 26 13
154 90 28 8
90 161 5 17
164 90 21 20
90 165 54 5
90 167 22 1
90 177 26 10
180 90 62 8
90 186 23 14
194 90 62 10
11 91 1 3
39 91 14 19
60 91 42 7
94 91 49 20
91 136 51 17
142 91 18 8
91 153 17 16
161 91 24 17
91 169 21 13
180 91 44 10
92 3 27 5
92 51 16 15
131 92 41 18
92 135 37 3
92 158 14 17
163 92 64 15
92 178 18 8
190 92 45 19
92 191 49 3
196 92 3 15
93 76 38 17
100 93 23 1
93 132 45 11
93 135 54 4
94 4 36 14
7 94 47 8
11 94 19 10
69 94 29 6
94 73 18 6
123 94 56 13
94 124 36 15
127 94 21 13
94 131 57 15
94 142 53 17
147 94 1 19
164 94 12 11
167 94 33 12
94 183 30 2
94 186 19 16
94 194 27 12
196 94 61 13
95 1 57 8
95 37 53 9
95 56 19 5
95 93 50 14
95 119 49 4
126 95 53 11
132 95 1 16
135 95 49 15
95 140 15 20
178 95 59 19
184 95 4 2
190 95 21 11
22 96 41 4
96 31 58 14
96 40 42 16
41 96 34 10
96 70 16 14
96 88 25 13
103 96 55 11
96 109 49 5
111 96 10 13
134 96 46 20
143 96 64 11
144 96 46 18
96 145 14 3
96 151 7 12
96 152 14 7
96 155 63 16
157 96 39 18
96 198 59 3
97 25 5 9
97 58 16 7
97 59 24 19
97 109 2 10
97 112 5 18
138 97 20 18
97 144 46 16
97 153 25 16
97 162 28 16
179 97 39 19
180 97 25 19
192 97 57 5
30 98 15 11
35 98 32 11
98 66 32 11
83 98 8 4
98 110 30 20
117 98 56 18
98 118 14 1
148 98 15 17
155 98 63 8
159 98 32 5
98 160 37 7
98 170 42 11
176 98 12 9
98 182 26 4
98 185 25 9
98 188 8 5
98 189 57 12
19 99 7 10
22 99 51 8
99 25 44 16
99 70 22 11
85 99 13 15
102 99 4 10
103 99 15 7
106 99 27 3
108 99 18 20
111 99 32 1
99 134 35 6
137 99 27 5
145 99 32 20
99 149 51 5
99 151 49 15
99 152 30 19
99 162 30 6
99 171 62 8
172 99 57 11
173 99 6 15
99 189 41 16
100 0 63 12
16 100 13 12
81 100 32 4
100 95 30 1
100 118 1 20
100 119 59 16
140 100 2 12
146 100 37 3
160 100 52 17
163 100 38 11
168 100 45 2
100 178 39 7
182 100 39 16
100 188 17 19
100 197 39 4
0 101 34 1
2 101 58 20
26 101 40 15
101 48 28 15
101 52 31 11
55 101 51 8
101 86 5 5
101 107 25 11
101 119 24 5
101 126 28 18
128 101 28 18
101 139 60 16
140 101 20 16
101 146 25 11
159 101 15 19
101 165 17 2
101 173 54 16
101 174 43 5
101 183 22 20
184 101 48 7
101 186 27 3
188 101 21 15
24 102 19 15
31 102 9 8
102 40 22 17
102 57 41 15
102 85 60 3
102 103 7 16
102 110 38 9
102 111 26 13
112 102 37 12
102 115 18 9
120 102 9 1
143 102 27 20
102 144 17 6
102 145 52 11
149 102 4 8
151 102 41 6
102 162 61 14
171 102 56 16
102 173 15 1
102 181 5 5
102 198 60 11
25 103 25 10
42 103 38 7
103 57 30 12
103 72 27 4
103 108 13 2
109 103 7 15
103 111 24 13
103 112 2 11
103 115 46 9
117 103 35 6
120 103 34 20
134 103 40 20
103 148 2 10
103 151 19 16
162 103 56 7
103 173 29 2
103 181 23 6
103 189 59 13
104 12 54 12
19 104 30 19
104 24 21 3
52 104 2 14
104 58 21 4
75 104 44 14
102 104 23 16
107 104 30 1
104 111 24 14
123 104 21 18
125 104 58 1
134 104 56 10
139 104 58 10
104 143 4 2
104 149 19 13
156 104 8 5
104 157 33 2
104 166 8 8
27 105 47 8
105 59 61 19
105 97 54 9
141 105 5 7
144 105 8 4
105 151 23 18
162 105 21 5
105 179 12 19
180 105 60 7
195 105 44 3
199 105 9 10
12 106 33 20
106 83 40 11
96 106 43 20
102 106 50 8
106 112 7 7
106 115 62 12
106 120 62 10
106 134 39 7
137 106 52 11
143 106 31 5
106 144 21 4
145 106 22 20
106 155 30 18
106 171 27 14
172 106 23 9
181 106 32 5
6 107 58 17
14 107 18 16
19 107 26 12
21 107 55 1
24 107 28 9
107 48 14 12
107 58 32 17
107 128 40 7
134 107 48 5
107 139 51 8
150 107 22 11
107 156 51 20
164 107 43 12
165 107 53 14
107 173 42 17
179 107 26 17
183 107 28 10
107 188 63 10
41 108 45 16
108 80 14 15
85 108 39 13
96 108 34 17
108 106 59 3
110 108 5 11
111 108 24 9
120 108 8 13
108 137 30 13
108 143 25 9
108 152 30 16
108 172 49 4
176 108 37 20
181 108 35 16
189 108 15 10
22 109 28 19
109 29 62 3
109 42 4 4
102 109 60 7
112 109 36 9
120 109 41 19
134 109 23 7
137 109 51 15
143 109 62 12
109 144 37 1
109 157 61 15
109 162 18 15
172 109 16 5
181 109 16 12
195 109 6 19
198 109 12 13
109 199 30 2
6 110 53 14
19 110 56 19
24 110 3 5
43 110 63 3
110 75 55 8
110 111 36 15
117 110 54 7
110 128 9 17
110 134 60 11
110 145 63 20
155 110 58 19
166 110 34 19
171 110 8 20
173 110 5 3
181 110 29 3
110 182 2 15
185 110 55 14
110 188 23 17
189 110 6 17
111 6 58 7
111 8 23 4
111 12 34 4
111 19 10 4
111 25 2 8
111 79 26 11
80 111 38 3
85 111 26 15
106 111 43 19
117 111 11 7
128 111 61 16
143 111 58 10
145 111 19 17
148 111 36 7
111 155 18 19
111 168 57 7
111 171 61 15
173 111 49 14
111 174 53 14
111 185 7 7
111 189 46 19
112 22 48 9
41 112 8 4
112 47 32 17
85 112 31 18
112 105 19 19
112 134 61 5
112 137 13 19
144 112 12 6
112 149 34 16
157 112 38 14
112 162 43 6
172 112 28 16
181 112 3 10
199 112 55 7
113 6 21 10
113 21 39 15
37 113 29 5
100 113 15 14
113 101 4 13
113 119 30 3
113 126 46 4
128 113 1 19
113 139 25 11
113 146 13 18
156 113 59 16
113 160 19 5
166 113 52 12
113 168 59 1
113 182 19 14
113 188 51 19
197 113 52 6
114 35 8 1
38 114 24 12
63 114 14 6
114 71 47 7
114 121 40 1
114 146 11 2
197 114 32 18
115 8 31 8
24 115 48 13
77 115 50 11
80 115 2 9
96 115 25 1
99 115 28 1
115 108 36 18
110 115 6 3
115 111 9 15
115 134 59 18
115 145 38 9
148 115 25 9
155 115 12 6
115 171 41 10
115 176 24 13
115 181 43 4
115 189 16 16
39 116 34 10
50 116 15 19
59 116 48 12
116 60 7 10
116 69 41 18
116 74 45 7
94 116 9 4
125 116 59 4
136 116 48 17
116 141 30 15
150 116 46 4
116 153 53 7
116 161 61 2
164 116 61 15
167 116 62 20
169 116 20 16
179 116 59 4
116 180 19 3
192 116 51 10
116 195 21 17
117 22 61 9
117 41 43 12
80 117 10 18
115 117 52 8
145 117 22 3
155 117 14 11
181 117 22 1
117 185 19 5
189 117 38 9
118 9 11 6
21 118 17 14
30 118 61 12
43 118 15 5
66 118 12 7
118 86 18 5
118 113 63 10
118 121 52 10
118 126 4 16
118 128 12 15
118 132 55 12
159 118 53 17
160 118 31 15
168 118 21 5
118 176 9 4
184 118 63 16
118 185 38 8
188 118 43 7
193 118 39 9
21 119 54 15
23 119 36 4
119 32 2 2
37 119 25 6
119 46 31 1
78 119 39 11
119 87 6 13
93 119 22 12
119 122 21 11
127 119 24 10
132 119 17 13
119 139 57 12
140 119 15 7
158 119 56 16
165 119 57 2
168 119 18 17
119 178 59 1
119 186 5 17
191 119 38 2
119 196 13 15
96 120 42 19
120 112 40 9
120 134 60 9
137 120 21 17
120 143 34 11
120 144 59 14
120 151 63 10
120 152 23 18
120 157 12 13
171 120 46 10
172 120 64 2
120 181 6 13
121 9 9 14
121 81 20 11
121 159 36 3
170 121 14 11
182 121 19 18
193 121 8 1
197 121 54 11
2 122 6 3
122 32 3 8
37 122 18 7
48 122 60 16
62 122 24 14
64 122 31 1
122 78 30 15
94 122 27 12
123 122 19 13
122 124 8 1
125 122 58 5
122 127 12 2
122 130 58 15
135 122 15 8
122 140 17 15
142 122 51 6
147 122 62 2
122 150 53 18
156 122 59 10
158 122 56 12
164 122 50 18
122 165 41 13
177 122 60 13
178 122 55 6
122 183 15 11
122 186 15 17
190 122 54 19
191 122 37 18
122 194 17 8
123 11 44 9
14 123 33 11
123 37 15 4
84 123 47 6
123 107 34 11
124 123 6 3
127 123 21 17
123 139 7 11
123 142 21 17
156 123 8 18
158 123 59 8
164 123 52 17
123 165 18 4
167 123 14 19
168 123 31 6
177 123 61 7
123 179 33 6
123 183 14 19
186 123 40 14
123 194 47 14
124 20 50 19
39 124 62 1
124 60 40 3
91 124 37 9
124 125 4 1
127 124 28 19
124 130 49 11
131 124 24 8
124 142 49 4
150 124 60 19
124 154 30 6
124 161 8 19
167 124 22 17
124 177 19 8
124 183 50 11
14 125 23 18
125 62 62 4
125 73 32 12
125 84 48 1
91 125 13 9
94 125 49 5
123 125 57 15
129 125 60 10
130 125 3 20
136 125 38 7
141 125 22 15
142 125 53 6
125 150 55 20
154 125 18 14
164 125 24 15
125 169 17 9
175 125 11 17
125 177 53 8
125 179 17 6
125 180 34 14
125 183 18 11
195 125 49 14
125 198 64 12
46 126 48 12
54 126 15 10
126 87 24 1
89 126 35 4
93 126 45 16
100 126 46 8
119 126 54 9
132 126 34 3
139 126 31 18
126 140 29 14
156 126 9 14
158 126 24 20
126 159 9 11
163 126 25 8
126 168 8 5
178 126 59 17
126 182 29 12
184 126 29 10
126 186 7 12
127 5 16 16
127 15 21 7
26 127 24 5
127 78 44 6
127 87 18 1
90 127 43 6
129 127 54 20
127 139 4 5
140 127 27 5
127 147 42 6
127 150 2 15
127 156 64 16
158 127 4 11
127 164 38 16
127 177 8 10
127 183 48 9
186 127 2 15
127 191 44 15
194 127 45 18
196 127 52 1
128 0 45 1
6 128 59 12
19 128 53 19
128 38 17 11
128 48 61 2
52 128 17 11
128 61 39 11
128 71 23 13
79 128 9 19
128 80 19 3
86 128 4 13
128 98 56 6
128 126 42 14
128 146 13 4
128 148 41 9
156 128 10 15
128 160 48 8
166 128 57 12
128 168 8 1
170 128 16 7
176 128 59 18
182 128 17 6
128 184 62 18
185 128 10 13
188 128 5 4
129 0 16 20
20 129 49 4
27 129 48 18
129 70 23 1
107 129 56 11
129 122 6 12
123 129 30 6
130 129 11 11
129 139 39 4
129 143 20 5
150 129 58 6
129 154 25 11
164 129 17 8
166 129 63 9
168 129 45 19
129 173 56 13
177 129 46 8
129 183 1 7
130 4 48 12
130 11 25 3
130 13 21 12
14 130 44 11
74 130 3 20
130 78 46 12
130 94 57 8
131 130 30 7
130 147 55 11
150 130 53 16
154 130 20 5
156 130 38 18
167 130 47 1
177 130 21 17
130 178 11 1
194 130 54 14
130 196 63 4
131 5 61 4
7 131 17 11
13 131 48 3
17 131 37 17
32 131 57 17
34 131 16 2
51 131 18 17
131 69 1 15
127 131 42 19
133 131 62 11
135 131 14 19
147 131 29 12
131 163 44 4
131 167 8 17
131 177 36 9
131 183 57 12
131 191 3 19
131 194 43 13
132 1 35 2
15 132 60 16
16 132 2 4
26 132 56 1
132 54 39 10
63 132 45 3
132 81 35 16
132 89 44 14
132 101 36 2
135 132 60 2
132 146 21 20
132 160 9 13
132 168 44 9
178 132 7 14
132 184 26 13
7 133 39 3
133 51 48 9
133 53 52 14
133 56 29 13
133 64 64 6
147 133 17 13
133 158 55 2
133 186 33 15
190 133 60 16
196 133 24 4
134 25 9 7
134 79 22 4
137 134 41 6
143 134 36 12
134 144 50 18
134 145 43 15
134 148 17 6
149 134 14 13
134 151 48 4
134 162 31 6
171 134 21 2
134 172 20 1
134 173 2 17
134 181 55 18
189 134 54 14
198 134 27 14
135 1 16 15
135 5 27 16
135 53 41 18
119 135 28 7
147 135 24 14
135 163 51 13
135 178 56 9
183 135 46 12
135 184 37 8
135 186 33 9
190 135 56 18
135 191 21 5
138 136 11 15
142 136 53 8
136 161 28 5
136 169 41 18
175 136 1 13
180 136 23 9
137 22 38 11
137 25 62 11
75 137 32 5
96 137 54 2
137 102 47 12
152 137 53 16
137 157 1 7
162 137 53 19
137 171 46 6
138 65 45 14
138 105 19 20
116 138 34 2
138 141 23 12
161 138 20 13
169 138 23 2
175 138 53 12
138 179 8 1
138 187 46 20
138 195 22 13
199 138 7 19
13 139 54 19
139 21 20 8
139 26 58 11
27 139 45 17
48 139 15 19
139 74 60 11
79 139 58 4
87 139 12 15
139 140 34 6
147 139 1 2
154 139 2 12
156 139 12 18
158 139 16 6
164 139 8 15
139 165 53 7
167 139 15 9
174 139 27 11
183 139 36 10
139 186 56 19
140 5 14 15
13 140 15 8
140 26 58 13
93 140 26 1
113 140 28 13
140 123 54 7
140 130 53 4
140 132 59 19
133 140 11 16
158 140 28 1
140 163 58 11
165 140 63 9
140 178 8 14
186 140 63 13
140 191 22 2
196 140 43 17
141 20 3 15
141 65 20 20
88 141 25 9
144 141 29 16
149 141 55 2
153 141 28 8
141 154 60 5
141 157 13 12
179 141 41 11
141 180 18 4
141 195 19 4
198 141 15 5
142 4 34 18
10 142 41 5
142 59 17 2
142 62 23 12
73 142 23 19
74 142 46 18
142 116 21 4
142 127 61 3
141 142 41 13
150 142 37 15
154 142 10 17
142 161 47 12
142 165 32 3
169 142 8 6
175 142 18 15
142 177 21 18
179 142 6 18
187 142 42 20
195 142 10 7
22 143 21 19
143 31 27 19
58 143 22 12
75 143 61 6
99 143 45 20
143 103 17 20
107 143 56 19
112 143 49 7
143 115 12 7
143 144 32 9
145 143 9 11
143 148 36 6
149 143 63 7
151 143 56 2
143 155 64 17
157 143 16 2
143 162 20 5
143 166 8 4
143 173 53 16
174 143 22 6
181 143 60 19
143 198 34 5
58 144 23 8
144 99 4 13
104 144 13 11
149 144 24 7
144 152 58 13
179 144 51 2
181 144 40 11
195 144 54 5
144 199 55 19
30 145 14 5
40 145 21 1
72 145 39 14
80 145 27 3
145 108 34 6
145 148 5 10
152 145 62 15
172 145 50 14
173 145 24 14
38 146 11 17
146 118 2 10
121 146 16 8
146 126 45 13
146 159 40 6
160 146 52 16
168 146 50 5
146 185 22 17
188 146 17 8
146 193 7 2
146 197 5 2
4 147 40 15
32 147 57 11
147 50 7 6
101 147 45 17
147 119 33 16
147 123 42 20
126 147 8 15
150 147 3 3
147 154 22 2
147 156 3 2
147 158 4 8
165 147 51 5
167 147 50 1
177 147 31 7
183 147 39 8
191 147 30 4
194 147 2 5
147 196 38 16
6 148 54 19
35 148 9 5
47 148 12 20
148 72 31 1
148 80 60 15
108 148 18 19
110 148 14 11
148 117 41 11
148 166 38 4
148 171 18 3
148 172 54 9
148 181 14 17
148 182 12 20
148 185 64 17
188 148 62 14
149 25 34 11
149 42 64 17
96 149 23 12
149 97 12 1
149 105 27 2
106 149 20 7
149 120 31 18
149 157 52 8
179 149 29 18
149 181 6 10
198 149 39 7
149 199 26 16
150 11 30 11
150 14 39 16
15 150 60 15
17 150 4 15
150 26 45 11
36 150 23 8
150 69 51 14
150 84 18 16
150 94 16 20
123 150 38 6
131 150 60 5
150 154 45 10
156 150 41 4
150 158 8 3
150 164 4 10
150 165 42 17
167 150 61 10
150 179 8 1
150 180 24 13
150 186 38 11
150 194 27 6
97 151 56 18
109 151 15 14
112 151 50 4
149 151 3 13
172 151 63 19
181 151 48 12
151 198 57 19
199 151 26 4
152 22 44 9
41 152 56 20
152 42 42 12
152 70 58 3
85 152 27 10
88 152 40 17
102 152 10 19
103 152 43 7
109 152 10 7
152 111 37 18
112 152 37 16
152 143 21 19
149 152 34 4
151 152 15 18
157 152 3 1
152 162 14 1
171 152 12 13
181 152 49 17
14 153 13 18
20 153 52 7
153 60 27 7
62 153 14 6
105 153 42 17
136 153 36 1
161 153 61 13
167 153 44 17
153 175 36 4
153 180 53 11
192 153 4 18
195 153 52 6
199 153 20 14
154 10 62 20
154 69 52 9
154 87 15 14
154 123 56 9
153 154 34 20
164 154 56 14
154 165 25 6
167 154 23 16
174 154 22 9
177 154 16 1
154 183 22 19
154 186 40 3
194 154 21 12
195 154 23 15
6 155 12 2
155 8 27 18
30 155 12 6
77 155 32 1
155 80 20 9
155 99 59 19
155 102 32 19
155 134 9 2
137 155 46 9
145 155 44 13
155 152 29 17
171 155 39 6
185 155 61 10
156 10 26 13
101 156 48 20
129 156 63 5
158 156 21 15
165 156 60 17
168 156 52 18
173 156 23 15
174 156 13 16
177 156 58 7
156 179 1 11
156 183 55 16
157 27 35 16
40 157 61 2
97 157 47 6
99 157 31 4
102 157 28 15
103 157 44 19
105 157 36 15
134 157 23 15
144 157 19 9
157 162 35 9
173 157 52 3
157 179 28 15
195 157 2 16
157 198 19 16
157 199 8 16
3 158 51 12
158 13 22 18
158 23 21 4
26 158 47 5
95 158 24 12
158 130 39 1
131 158 32 18
135 158 59 18
158 163 47 1
158 164 45 8
165 158 29 5
190 158 45 4
158 191 39 4
158 194 13 9
2 159 53 12
159 18 10 11
52 159 24 20
63 159 46 8
159 77 19 6
159 82 34 2
159 86 35 17
159 113 60 6
128 159 38 5
132 159 48 6
159 168 47 11
182 159 30 2
184 159 4 19
159 188 28 10
159 193 53 10
160 6 20 8
160 21 17 4
160 30 39 16
160 33 34 6
43 160 47 12
46 160 58 1
49 160 24 17
160 63 57 17
66 160 40 17
71 160 28 3
81 160 2 13
101 160 32 12
160 114 10 7
121 160 19 3
160 159 51 9
160 170 41 13
160 176 56 9
184 160 16 1
160 185 28 5
160 197 48 4
161 20 25 14
45 161 33 3
59 161 29 6
69 161 60 8
73 161 60 4
161 125 28 14
180 161 52 11
187 161 40 15
12 162 12 7
70 162 52 3
88 162 25 16
104 162 2 14
144 162 55 13
162 149 22 17
162 151 16 19
172 162 4 11
162 181 20 13
198 162 64 17
163 1 59 3
163 23 12 6
163 93 53 19
163 132 37 6
133 163 32 4
147 163 6 3
178 163 47 13
163 184 16 7
163 186 18 5
190 163 49 4
163 191 58 3
14 164 48 10
164 20 63 5
39 164 26 1
62 164 10 7
164 64 38 2
124 164 5 11
164 156 53 2
167 164 22 18
183 164 57 10
164 186 44 18
164 191 35 1
164 194 22 20
165 4 22 14
15 165 64 5
165 27 49 5
62 165 13 17
94 165 28 1
124 165 19 20
165 127 18 19
164 165 20 4
167 165 4 13
165 178 3 10
183 165 6 18
165 186 16 9
165 191 46 2
194 165 25 16
166 6 56 11
21 166 34 11
24 166 4 1
166 44 39 2
52 166 47 14
166 77 9 20
166 84 39 2
87 166 54 19
166 101 11 15
111 166 42 15
166 134 44 2
166 139 55 17
166 156 35 3
166 168 55 17
174 166 63 4
166 179 13 11
166 188 33 5
189 166 10 5
198 166 19 14
167 7 6 5
10 167 20 7
27 167 33 15
167 65 56 10
122 167 26 4
167 125 31 3
127 167 21 1
167 129 63 18
156 167 49 12
167 175 31 18
167 177 33 6
179 167 10 12
180 167 44 7
196 167 2 18
168 0 14 17
38 168 3 1
168 40 55 17
168 52 53 10
54 168 42 14
67 168 23 6
79 168 17 13
81 168 13 8
107 168 45 5
160 168 45 5
168 170 57 9
168 173 27 12
176 168 12 17
168 185 10 3
59 169 28 10
169 60 24 13
97 169 45 17
141 169 46 10
169 175 39 19
180 169 23 11
169 192 39 3
169 195 37 3
199 169 9 10
170 54 14 1
170 72 15 11
170 81 32 12
170 101 19 9
113 170 27 6
114 170 19 17
118 170 27 16
146 170 3 12
170 159 1 10
170 176 36 15
182 170 10 5
184 170 50 5
170 185 41 2
170 197 58 16
171 25 33 6
171 31 2 2
171 41 40 5
171 42 18 5
44 171 2 8
108 171 25 8
112 171 8 14
171 117 16 1
143 171 58 20
171 172 1 13
171 181 63 18
172 19 13 3
47 172 45 16
172 72 28 5
83 172 25 12
172 85 47 1
96 172 50 4
102 172 26 7
103 172 53 11
172 110 23 13
111 172 5 16
172 115 48 17
117 172 52 5
189 172 6 14
14 173 32 20
173 21 14 3
22 173 56 17
173 42 10 4
70 173 41 10
83 173 12 8
104 173 58 15
108 173 27 12
139 173 38 1
155 173 19 9
173 176 63 2
173 179 52 7
173 181 18 9
189 173 20 19
173 198 8 11
174 24 33 17
174 27 53 12
52 174 10 3
174 75 35 11
174 84 22 1
174 107 58 10
174 128 58 20
174 129 26 9
157 174 49 2
168 174 11 4
174 173 8 13
174 179 23 17
174 195 25 3
174 198 61 18
11 175 56 6
175 60 28 9
90 175 37 3
116 175 14 10
161 175 36 17
175 180 27 19
192 175 54 20
195 175 32 16
6 176 51 20
19 176 29 16
44 176 33 15
176 57 58 10
110 176 54 20
176 117 27 5
166 176 40 7
176 182 32 10
176 185 55 3
177 10 37 9
13 177 55 9
64 177 16 2
177 69 6 7
84 177 16 2
94 177 49 17
177 139 3 15
177 158 28 8
164 177 54 20
177 186 31 2
191 177 33 19
194 177 37 18
2 178 45 20
4 178 17 12
178 23 28 18
26 178 38 20
56 178 46 2
178 127 15 13
133 178 63 12
147 178 46 17
158 178 42 6
183 178 21 17
190 178 22 1
178 191 56 9
196 178 63 13
179 48 63 17
65 179 6 18
109 179 17 8
179 153 31 7
154 179 59 7
179 192 36 4
179 198 34 15
199 179 19 7
180 11 9 15
180 20 43 2
45 180 25 17
59 180 59 10
129 180 39 16
180 138 48 2
142 180 18 5
177 180 46 3
179 180 40 20
180 187 16 3
192 180 49 15
195 180 41 1
180 198 63 20
180 199 2 2
31 181 27 6
181 40 38 10
42 181 46 17
181 47 52 7
70 181 11 10
181 83 31 15
181 96 36 14
181 99 58 12
111 181 64 3
137 181 43 7
155 181 57 11
157 181 13 18
172 181 64 11
189 181 36 10
9 182 59 19
182 18 4 1
182 21 17 4
30 182 10 7
49 182 33 9
52 182 17 17
182 80 23 14
82 182 49 6
101 182 34 15
114 182 55 15
182 118 61 17
146 182 53 10
160 182 11 3
168 182 34 4
184 182 40 20
185 182 1 2
182 188 31 14
193 182 54 19
182 197 56 20
183 2 57 5
183 13 22 7
183 36 49 1
183 62 4 4
183 67 38 15
73 183 42 11
183 84 43 16
183 90 38 20
183 130 2 20
167 183 38 16
183 168 8 13
177 183 56 17
183 186 41 13
191 183 42 20
194 183 64 13
196 183 4 13
184 3 13 6
54 184 53 10
61 184 54 15
63 184 16 8
184 67 49 8
93 184 12 6
100 184 54 5
184 113 24 14
119 184 7 12
140 184 9 9
184 168 21 10
178 184 33 18
185 28 26 15
185 44 2 6
185 54 17 6
63 185 10 4
66 185 34 16
185 159 34 2
185 189 2 9
193 185 9 18
186 17 12 6
186 32 54 1
78 186 20 14
186 87 8 17
186 89 16 3
186 130 24 11
131 186 2 2
186 147 2 14
167 186 9 8
186 178 31 17
191 186 50 10
186 194 48 15
20 187 57 13
187 45 64 3
187 116 34 5
187 153 53 3
188 30 50 10
188 40 22 10
188 48 61 4
54 188 22 16
57 188 40 4
188 71 18 17
188 72 41 11
81 188 39 11
111 188 40 2
188 160 53 7
176 188 31 5
185 188 7 10
189 188 43 14
189 42 23 11
43 189 61 13
189 44 3 16
189 57 60 12
71 189 34 13
80 189 1 3
189 85 4 10
143 189 11 6
189 148 9 6
189 152 46 7
189 176 1 5
190 3 13 9
4 190 20 15
5 190 33 9
190 26 14 15
53 190 3 4
190 64 36 3
190 74 11 12
190 119 42 8
190 130 7 2
131 190 26 6
190 140 31 14
147 190 6 20
190 183 54 14
190 191 30 13
190 194 47 5
196 190 8 10
10 191 60 4
15 191 41 14
26 191 26 18
191 53 36 3
67 191 49 13
94 191 18 14
123 191 50 9
133 191 56 2
194 191 15 18
191 196 16 11
192 20 57 1
70 192 10 3
105 192 2 17
192 125 60 17
192 195 34 10
193 33 37 16
193 43 58 16
193 46 63 5
193 49 1 18
61 193 31 11
193 63 47 10
193 71 17 7
193 98 27 5
193 113 20 15
114 193 29 11
132 193 12 10
160 193 62 7
194 32 55 14
194 69 64 10
84 194 31 9
194 133 2 4
142 194 9 13
196 194 2 8
20 195 51 8
70 195 25 9
84 195 57 9
195 104 9 15
195 129 20 14
195 149 35 1
162 195 42 15
195 199 42 7
26 196 62 6
32 196 57 20
196 37 44 10
196 39 8 14
196 56 37 19
196 69 39 2
196 123 63 18
131 196 16 18
196 158 33 6
164 196 30 1
196 165 16 4
196 177 16 19
196 186 51 3
9 197 7 10
21 197 21 18
49 197 43 4
61 197 10 2
81 197 60 8
197 118 47 2
126 197 63 15
132 197 12 9
197 184 39 12
193 197 41 2
198 11 27 16
198 19 17 4
198 20 27 14
198 40 44 4
84 198 56 10
97 198 30 4
104 198 45 12
198 105 15 16
112 198 48 11
129 198 58 7
198 144 20 7
198 195 14 7
199 70 22 12
199 97 20 20
199 141 52 4
199 162 15 14
199 192 25 4
199 198 64 6
