24 0 9 10
28 0 20 11
0 29 32 6
0 45 38 18
0 48 16 8
60 0 51 14
77 0 10 14
90 0 46 5
118 0 63 9
119 0 19 11
121 0 26 15
0 151 14 13
153 0 6 17
0 176 28 13
187 0 31 7
0 1 30 14
1 15 22 20
18 1 55 13
24 1 14 3
1 28 56 14
1 45 61 15
50 1 16 5
1 76 53 8
90 1 18 13
1 121 28 16
1 133 13 16
153 1 62 18
163 1 20 11
175 1 13 10
176 1 51 10
13 2 42 14
2 19 63 8
2 23 3 20
65 2 40 19
67 2 21 18
2 73 3 5
81 2 40 14
129 2 27 14
142 2 43 11
25 3 42 10
3 26 20 13
38 3 17 6
43 3 16 16
3 44 22 11
59 3 37 3
79 3 35 6
80 3 50 16
3 91 50 14
93 3 58 10
3 96 2 17
106 3 43 18
137 3 59 2
3 165 7 14
167 3 61 4
3 181 23 5
4 10 17 13
16 4 23 18
30 4 58 12
4 51 13 13
68 4 16 5
4 69 44 15
4 70 39 18
4 78 36 18
4 105 25 7
111 4 28 15
128 4 30 4
140 4 20 12
147 4 42 1
160 4 6 18
4 198 18 20
12 5 11 1
5 33 1 10
37 5 33 17
39 5 9 16
5 58 22 10
63 5 6 9
87 5 60 6
5 109 19 16
117 5 6 20
5 126 54 13
5 193 21 16
6 33 28 6
55 6 34 18
6 88 28 12
6 110 25 10
115 6 35 12
127 6 55 12
6 130 3 20
138 6 1 5
6 183 31 8
11 7 22 12
22 7 61 4
7 70 33 17
86 7 51 9
7 105 19 12
7 126 56 18
7 150 59 12
7 162 14 12
7 190 33 6
8 18 29 4
8 24 27 1
8 60 56 13
76 8 51 6
8 111 54 8
8 113 22 8
8 133 54 8
8 164 33 14
175 8 14 16
186 8 11 2
198 8 53 19
9 48 43 3
75 9 57 7
9 79 28 14
9 90 21 19
9 92 3 13
9 93 12 7
118 9 55 16
9 122 51 5
9 135 46 20
154 9 52 17
9 155 9 16
9 156 54 11
9 188 54 15
9 192 16 20
10 25 60 12
30 10 16 9
34 10 20 18
10 38 17 6
10 46 18 18
59 10 39 7
10 68 53 14
70 10 22 1
10 92 64 11
97 10 55 15
10 137 29 4
140 10 15 3
166 10 59 3
10 173 52 14
22 11 46 9
11 42 33 10
11 107 38 9
191 11 4 10
12 20 22 3
12 35 56 5
12 58 47 5
63 12 28 5
66 12 42 19
74 12 60 16
12 82 36 19
12 83 24 13
12 87 41 20
95 12 6 20
102 12 32 20
120 12 38 2
123 12 39 13
12 126 40 7
172 12 22 11
174 12 29 20
12 177 40 10
52 13 40 10
61 13 26 13
13 64 20 1
13 65 18 4
73 13 43 13
13 129 39 10
13 134 30 7
13 158 56 9
14 114 33 6
161 14 33 6
15 0 47 7
15 77 7 14
15 118 21 13
119 15 46 14
151 15 61 14
15 154 26 11
155 15 41 18
56 16 55 16
16 57 60 6
16 78 40 16
16 84 49 16
141 16 24 8
147 16 64 16
16 150 8 14
164 16 21 11
16 169 12 7
171 16 8 1
16 173 7 9
16 182 32 12
17 1 28 15
8 17 26 9
17 18 1 2
17 24 59 18
17 50 7 13
60 17 55 8
17 75 3 14
17 85 47 7
17 90 33 14
119 17 36 12
17 122 60 14
133 17 22 14
164 17 19 14
17 186 6 5
36 18 30 2
18 76 36 19
18 90 40 17
18 113 21 18
133 18 24 8
157 18 56 19
163 18 13 3
175 18 41 3
186 18 1 7
19 23 31 12
52 19 33 13
61 19 52 11
19 64 54 2
100 19 28 19
19 101 29 1
20 21 15 18
20 25 42 15
37 20 46 1
20 49 64 2
66 20 58 18
20 74 34 9
83 20 43 16
20 89 3 12
123 20 55 9
136 20 8 15
137 20 25 6
146 20 55 1
148 20 2 13
166 20 59 9
168 20 12 14
20 177 53 10
189 20 56 16
20 194 18 4
195 20 62 20
20 196 61 3
12 21 20 19
21 25 50 17
21 32 55 17
71 21 31 12
21 74 8 13
83 21 25 3
89 21 20 1
95 21 35 7
21 97 12 3
99 21 53 10
102 21 18 5
117 21 49 2
21 123 16 12
146 21 8 18
21 148 40 12
166 21 55 11
172 21 7 18
21 174 56 5
177 21 56 3
194 21 52 11
196 21 21 20
42 22 19 14
78 22 7 2
132 22 50 4
150 22 16 1
162 22 32 18
22 171 17 13
178 22 35 3
22 191 44 10
23 13 62 9
31 23 34 9
23 61 44 20
23 64 31 19
23 100 16 17
101 23 52 6
23 152 57 4
18 24 51 9
36 24 63 10
24 45 40 13
24 50 26 8
24 60 33 8
24 76 43 8
90 24 48 5
24 113 53 2
133 24 53 10
151 24 13 8
24 157 57 17
164 24 60 6
24 186 27 14
32 25 53 17
25 38 4 7
25 49 6 13
25 59 18 10
91 25 44 19
25 97 58 7
123 25 37 5
125 25 46 9
25 137 54 8
25 165 51 13
167 25 43 16
174 25 26 11
25 177 29 13
25 194 22 1
25 196 53 15
26 32 60 12
38 26 30 14
26 43 51 18
26 44 7 1
26 49 6 15
26 71 61 10
80 26 49 11
26 97 29 9
26 114 37 12
26 116 33 16
125 26 2 18
26 136 35 15
26 165 47 19
26 166 9 17
167 26 53 15
168 26 43 20
26 181 42 3
27 43 4 15
27 65 38 15
101 27 8 17
112 27 59 17
27 129 43 19
158 27 27 5
159 27 56 1
180 27 27 9
197 27 16 19
27 199 45 14
28 9 8 19
28 15 14 13
28 36 34 18
28 45 17 17
28 50 10 20
28 75 19 6
28 108 41 15
118 28 13 11
119 28 28 12
121 28 12 11
28 139 58 14
151 28 48 15
153 28 52 17
176 28 59 20
28 186 1 8
1 29 35 11
24 29 41 4
45 29 22 13
29 90 16 16
29 151 52 8
29 153 1 15
154 29 55 14
175 29 54 15
29 176 51 20
30 34 23 11
46 30 10 3
30 57 57 7
68 30 1 7
30 69 33 4
84 30 7 12
30 132 41 4
147 30 46 16
150 30 56 19
171 30 54 7
182 30 8 13
190 30 32 9
31 80 9 19
101 31 64 12
31 106 46 12
112 31 12 12
114 31 22 16
31 116 38 4
31 152 25 9
31 170 22 5
180 31 43 19
31 181 53 12
188 31 44 6
31 199 39 12
20 32 59 6
72 32 8 11
97 32 39 20
99 32 60 17
32 115 44 20
32 131 6 11
32 146 6 1
32 166 49 10
32 189 28 10
196 32 2 14
33 35 40 13
33 39 48 19
54 33 20 19
33 58 14 6
33 127 17 13
138 33 18 16
174 33 26 10
33 194 37 12
4 34 9 20
7 34 19 12
41 34 22 6
68 34 46 20
34 74 22 19
34 86 47 1
34 105 27 15
34 150 11 6
171 34 51 6
34 179 11 4
34 182 16 16
35 5 28 16
21 35 37 8
37 35 2 20
58 35 8 19
35 66 47 20
82 35 13 12
35 87 35 19
35 102 32 12
109 35 16 5
117 35 30 13
35 126 18 9
174 35 25 3
177 35 6 19
35 193 36 14
194 35 11 4
196 35 64 12
1 36 18 14
17 36 47 2
45 36 43 18
48 36 46 7
50 36 31 16
90 36 22 9
36 113 45 20
119 36 14 3
36 133 62 8
153 36 35 4
154 36 21 2
164 36 52 12
176 36 3 10
12 37 48 12
21 37 40 15
37 25 33 2
37 58 63 6
37 63 45 9
66 37 35 17
37 70 9 18
74 37 16 16
109 37 35 7
120 37 31 13
37 126 10 9
37 172 10 4
179 37 21 1
37 190 59 12
37 194 43 5
196 37 37 8
44 38 41 1
38 71 16 10
79 38 21 13
38 80 53 8
96 38 62 18
38 125 31 14
38 156 10 6
38 166 4 8
192 38 30 7
39 6 15 11
39 58 2 11
39 110 53 11
127 39 20 5
39 138 43 10
193 39 28 14
77 40 60 12
40 139 41 15
159 40 35 2
41 4 47 1
16 41 47 15
30 41 59 19
41 51 41 17
41 57 52 5
70 41 29 7
84 41 57 5
41 132 14 17
41 140 7 1
150 41 47 11
160 41 47 11
169 41 47 6
171 41 48 20
173 41 48 14
182 41 19 16
7 42 16 20
42 86 46 14
94 42 50 10
42 98 63 8
107 42 59 9
124 42 3 4
128 42 14 14
42 132 18 4
162 42 43 19
42 178 55 17
42 182 45 18
31 43 46 19
44 43 8 10
43 80 60 3
43 93 10 12
43 112 26 7
114 43 42 13
43 125 5 1
43 152 61 13
43 167 6 20
43 170 52 20
180 43 22 14
181 43 41 5
44 59 10 18
44 79 51 18
80 44 8 8
44 93 4 9
44 106 62 4
112 44 51 10
114 44 61 16
116 44 63 12
125 44 3 8
44 165 15 4
166 44 19 17
167 44 34 2
168 44 16 19
170 44 50 10
44 181 54 16
44 188 6 2
45 15 10 4
45 50 40 2
60 45 38 17
75 45 26 9
108 45 7 2
45 118 27 8
119 45 28 14
121 45 47 6
45 139 17 16
45 151 64 17
153 45 42 3
176 45 38 20
186 45 33 3
4 46 38 19
38 46 49 14
46 57 26 14
59 46 6 16
46 68 62 2
79 46 32 19
46 85 61 9
135 46 48 18
137 46 5 19
46 140 42 1
46 164 61 20
46 165 45 5
46 166 53 11
46 173 47 16
8 47 53 7
41 47 60 9
56 47 28 9
47 84 60 8
47 111 27 9
47 144 26 17
47 157 39 9
47 164 61 8
48 45 28 6
48 50 31 13
48 75 38 12
77 48 29 4
48 90 11 14
48 108 4 13
48 118 13 7
48 121 24 6
135 48 58 4
139 48 43 20
48 151 64 12
48 153 4 10
48 154 33 7
155 48 45 17
176 48 63 7
48 192 46 8
49 21 60 6
66 49 30 2
49 72 47 15
49 83 30 10
49 89 8 5
49 97 30 12
99 49 49 8
49 125 14 12
143 49 25 2
49 146 7 12
167 49 12 11
174 49 3 2
49 195 8 12
196 49 48 6
75 50 43 10
50 85 5 7
92 50 1 12
50 119 6 12
50 122 5 8
50 135 20 18
154 50 64 9
164 50 5 16
186 50 53 20
51 8 60 12
16 51 50 14
47 51 29 17
51 56 49 6
51 57 39 11
140 51 47 10
51 141 53 19
51 147 44 11
51 150 46 9
157 51 30 8
160 51 32 14
51 164 43 1
171 51 7 12
51 198 30 8
52 2 22 6
67 52 58 19
52 81 8 9
100 52 36 5
53 55 61 10
53 104 43 13
53 143 3 16
53 149 13 14
161 53 8 17
53 184 1 13
185 53 20 6
54 6 63 2
39 54 47 1
55 54 52 6
54 62 22 12
110 54 56 12
115 54 36 5
54 127 2 4
54 130 19 9
183 54 63 16
55 88 1 15
99 55 58 1
55 104 54 19
55 115 27 19
55 138 49 14
55 143 46 18
145 55 41 2
146 55 45 12
55 184 47 16
185 55 54 4
4 56 17 19
41 56 26 16
57 56 40 20
56 78 2 10
84 56 23 20
56 141 9 1
144 56 33 11
56 147 39 12
150 56 40 1
56 160 50 18
164 56 31 13
56 169 14 6
171 56 28 5
57 4 9 5
92 57 35 11
57 111 42 8
57 135 11 8
141 57 31 20
57 157 34 3
95 58 64 15
58 109 55 9
58 117 30 13
58 120 17 18
58 123 18 10
58 174 33 8
177 58 60 13
193 58 62 13
196 58 64 6
59 26 11 2
59 38 58 8
59 49 51 16
89 59 38 9
91 59 19 11
92 59 39 11
59 93 46 4
125 59 56 3
156 59 23 17
166 59 43 9
167 59 26 9
168 59 17 6
1 60 19 2
18 60 50 18
60 36 1 12
60 50 8 15
108 60 56 7
113 60 60 8
119 60 44 7
60 133 33 7
135 60 14 6
151 60 12 8
60 154 42 19
60 164 52 13
60 175 41 9
176 60 45 1
60 186 41 14
64 61 22 10
61 67 1 7
81 61 45 18
100 61 8 20
112 61 63 9
129 61 29 4
61 134 3 16
61 142 37 15
152 61 46 16
61 158 11 15
61 180 37 17
62 6 24 3
55 62 14 18
110 62 11 8
62 127 42 13
62 138 40 16
62 145 23 14
184 62 37 11
185 62 29 2
35 63 41 10
58 63 30 3
66 63 31 13
63 74 25 5
82 63 9 5
87 63 32 13
95 63 57 18
98 63 19 8
120 63 21 9
123 63 36 5
124 63 35 5
126 63 7 15
63 174 2 16
63 177 45 20
63 194 35 10
64 52 46 20
67 64 62 1
81 64 1 2
64 100 54 19
64 134 51 5
101 65 62 11
129 65 37 19
65 158 59 20
159 65 60 6
180 65 2 16
65 188 59 18
197 65 41 8
66 5 49 3
66 21 58 11
66 25 36 18
58 66 61 16
66 74 51 19
66 89 51 18
66 102 54 14
66 120 1 20
123 66 4 14
66 146 36 5
66 148 27 7
172 66 14 9
174 66 14 19
66 177 12 4
179 66 29 12
196 66 32 3
67 13 9 18
19 67 18 17
67 73 12 8
67 81 3 15
67 100 24 5
67 142 25 2
158 67 42 1
68 25 21 17
69 68 53 2
70 68 19 20
68 71 32 2
97 68 56 7
68 123 1 10
128 68 28 16
148 68 45 5
68 166 2 1
173 68 46 19
68 190 23 14
69 34 24 4
57 69 49 10
74 69 16 5
86 69 50 6
105 69 27 12
128 69 60 9
137 69 31 16
148 69 4 7
69 150 53 8
69 172 7 2
69 173 32 2
190 69 40 11
70 34 29 6
70 69 3 8
128 70 33 14
132 70 6 5
147 70 34 4
148 70 1 11
150 70 33 2
70 172 23 7
182 70 23 20
190 70 23 13
20 71 43 2
71 25 42 2
46 71 7 20
59 71 50 4
71 69 52 14
91 71 23 5
71 92 47 8
125 71 43 19
71 137 14 4
71 167 63 1
71 172 3 4
72 26 30 6
116 72 16 20
72 125 39 19
72 146 9 14
149 72 44 18
168 72 64 20
72 181 1 20
189 72 3 18
73 19 54 9
27 73 28 2
73 100 16 18
73 101 1 2
73 112 1 7
73 142 34 12
73 152 56 10
73 159 33 7
180 73 12 2
73 188 52 3
73 197 5 1
25 74 11 4
35 74 64 11
74 68 50 12
70 74 24 2
74 83 61 9
87 74 46 6
74 95 59 7
98 74 40 16
74 105 33 14
74 120 52 16
148 74 23 11
179 74 44 18
74 190 34 8
74 194 3 2
36 75 4 13
75 90 20 19
119 75 12 16
75 135 64 19
75 154 26 11
164 75 3 2
186 75 51 4
76 36 27 12
76 85 44 6
113 76 17 19
76 133 41 14
76 163 60 2
77 45 19 16
77 119 36 19
121 77 18 3
139 77 32 2
151 77 31 1
77 153 49 19
154 77 38 5
77 155 34 10
77 176 24 18
84 78 27 4
86 78 29 11
78 128 26 11
78 132 5 8
78 141 54 15
78 147 55 2
78 150 19 14
162 78 20 19
78 191 4 19
79 80 39 5
92 79 1 14
79 93 2 16
79 122 34 7
79 135 54 19
166 79 34 17
192 79 54 18
80 27 16 1
59 80 40 5
80 91 58 2
93 80 6 3
80 96 15 19
80 106 40 16
114 80 60 1
80 116 23 16
165 80 14 19
80 167 17 9
80 170 46 13
180 80 25 7
181 80 6 19
80 188 46 18
81 23 22 2
100 81 13 18
101 81 25 8
81 129 38 10
134 81 64 16
81 158 13 17
81 199 16 6
82 7 61 13
82 37 19 13
87 82 38 3
98 82 60 2
82 107 7 16
120 82 38 19
82 177 18 13
82 178 14 16
179 82 42 6
25 83 17 14
83 32 42 16
35 83 12 10
37 83 12 1
83 66 20 5
89 83 15 9
83 95 4 7
99 83 31 7
102 83 18 5
117 83 17 10
83 168 20 10
83 172 7 7
83 174 51 9
83 189 57 1
194 83 35 7
195 83 56 6
196 83 49 2
22 84 51 4
84 86 1 3
94 84 9 20
111 84 20 1
84 132 62 12
84 141 62 3
84 147 58 5
150 84 59 16
84 169 4 16
84 171 20 6
182 84 52 11
198 84 20 13
85 24 52 8
36 85 22 18
85 60 41 10
85 92 19 12
85 135 7 1
140 85 43 14
85 198 14 20
22 86 45 13
41 86 57 2
86 70 60 5
98 86 28 7
105 86 51 10
132 86 54 6
147 86 22 12
150 86 27 8
86 162 40 9
169 86 29 5
182 86 55 8
86 191 26 10
58 87 42 15
95 87 37 19
98 87 39 14
87 102 60 5
109 87 23 6
120 87 12 11
126 87 48 4
179 87 34 12
194 87 55 11
62 88 23 13
99 88 31 14
127 88 11 11
88 138 62 5
88 143 46 7
88 146 47 19
183 88 24 15
185 88 59 8
189 88 25 8
10 89 51 15
89 32 33 15
89 71 42 18
97 89 45 7
89 117 32 1
125 89 48 10
136 89 7 18
137 89 50 20
165 89 59 10
166 89 40 16
89 168 44 9
89 172 4 6
174 89 53 17
189 89 29 7
89 194 63 4
196 89 50 16
90 50 25 3
90 60 38 10
90 76 54 11
108 90 55 5
119 90 63 2
133 90 15 7
153 90 3 20
154 90 40 1
164 90 33 18
186 90 2 8
38 91 25 17
79 91 36 8
92 91 6 15
91 93 5 18
91 96 53 19
91 156 50 13
166 91 12 5
91 192 19 11
92 38 21 10
46 92 29 16
92 93 26 17
92 135 18 3
92 137 61 13
140 92 18 12
92 156 62 11
164 92 12 12
92 166 16 15
92 173 18 9
26 93 13 17
125 93 63 14
93 156 12 14
93 180 47 13
188 93 13 16
192 93 58 19
94 7 58 18
22 94 22 18
78 94 33 7
94 86 4 17
124 94 23 4
94 128 16 2
147 94 57 3
162 94 38 12
169 94 39 17
94 182 4 8
35 95 48 16
95 37 38 19
66 95 9 2
95 82 13 4
98 95 38 12
102 95 25 12
95 109 44 18
117 95 1 13
120 95 55 18
95 123 16 15
148 95 24 4
95 172 63 19
179 95 53 7
190 95 63 10
194 95 5 13
95 196 21 19
96 9 61 5
96 27 33 8
96 43 23 10
96 44 61 3
96 93 2 1
96 112 61 1
96 129 64 8
167 96 15 3
97 38 27 6
59 97 17 15
83 97 44 1
97 99 62 10
97 125 49 7
97 137 24 18
97 146 63 20
97 148 25 20
165 97 13 2
166 97 63 6
97 167 13 5
97 168 28 20
97 172 55 7
98 11 31 10
98 70 9 20
98 105 52 19
109 98 31 8
126 98 14 11
98 178 43 19
98 179 35 3
98 190 49 15
98 191 25 9
99 20 28 2
99 25 22 16
99 66 27 20
99 102 11 1
117 99 17 17
143 99 60 12
146 99 62 18
99 168 39 17
174 99 14 4
184 99 9 19
99 189 6 15
99 195 4 7
99 196 25 2
100 142 32 2
101 2 29 13
13 101 22 5
43 101 58 20
101 67 47 3
101 100 47 11
101 129 52 3
134 101 24 14
101 158 21 14
159 101 19 12
101 180 27 10
199 101 21 1
102 5 64 2
33 102 58 5
102 37 12 3
102 63 1 8
74 102 56 12
102 123 50 10
102 146 49 3
102 177 23 2
14 103 28 1
103 131 42 16
145 103 51 14
103 149 29 12
72 104 17 14
88 104 22 15
103 104 59 1
131 104 28 14
136 104 22 17
104 143 9 14
145 104 38 2
161 104 4 15
181 104 41 9
184 104 40 19
195 104 7 17
30 105 31 10
42 105 47 2
105 95 7 7
123 105 58 19
124 105 51 2
105 126 46 18
105 132 50 18
177 105 49 4
178 105 44 17
105 179 15 14
106 26 32 1
106 43 42 16
61 106 50 19
106 101 24 9
106 112 32 20
114 106 52 10
106 125 59 7
131 106 14 5
152 106 26 8
106 167 48 14
106 180 28 3
106 181 49 13
106 188 43 4
22 107 50 10
107 94 55 7
107 126 41 6
107 132 14 7
107 179 4 13
191 107 23 4
0 108 46 12
108 9 57 10
108 36 9 13
108 50 23 7
108 75 40 17
108 77 53 14
119 108 23 1
133 108 5 17
153 108 39 13
154 108 32 1
186 108 12 14
192 108 61 20
12 109 37 3
109 63 59 18
109 120 13 13
109 126 24 12
179 109 21 19
109 190 3 8
33 110 39 10
115 110 18 16
110 130 64 3
110 138 19 20
110 183 63 14
16 111 45 1
41 111 60 19
111 51 42 7
56 111 18 15
111 85 7 17
111 144 23 11
111 160 60 2
111 164 15 2
171 111 43 4
173 111 17 2
80 112 10 19
101 112 18 4
114 112 28 3
112 129 12 4
152 112 17 18
112 158 31 20
188 112 40 13
112 199 15 12
90 113 15 17
113 133 42 3
157 113 3 10
163 113 15 8
113 186 28 7
116 114 23 10
125 114 3 4
114 170 19 10
115 88 40 9
99 115 5 18
115 138 55 3
115 184 58 19
115 195 61 12
115 196 63 7
116 103 2 15
104 116 1 20
116 136 20 14
116 143 30 4
116 149 38 5
152 116 22 14
116 167 14 6
168 116 41 20
170 116 15 5
181 116 1 7
189 116 5 15
12 117 57 11
117 20 46 12
117 33 47 14
37 117 44 12
66 117 43 1
102 117 45 18
117 115 3 20
123 117 10 11
138 117 25 19
146 117 57 1
172 117 40 12
174 117 10 10
177 117 17 9
117 193 39 7
196 117 48 6
40 118 46 8
77 118 40 9
118 90 34 19
118 108 31 10
122 118 50 13
118 154 34 14
155 118 45 20
1 119 63 13
119 48 48 19
118 119 35 16
119 121 59 6
122 119 9 10
133 119 12 8
151 119 4 17
154 119 16 2
155 119 58 19
119 186 60 8
120 5 54 13
120 98 11 7
126 120 33 4
120 174 22 6
120 179 27 15
120 194 12 19
15 121 29 19
29 121 36 5
108 121 34 9
121 151 37 11
121 154 8 6
155 121 37 9
121 176 14 1
122 24 63 16
36 122 58 14
48 122 53 14
60 122 9 2
85 122 15 15
90 122 60 18
108 122 27 8
135 122 1 7
151 122 27 10
123 37 58 18
74 123 44 8
83 123 52 4
89 123 57 9
120 123 16 5
148 123 1 18
123 172 58 12
123 174 31 16
123 177 16 1
123 179 2 20
123 190 21 7
123 194 28 7
123 196 40 1
7 124 7 9
124 11 52 10
124 82 11 12
107 124 3 19
124 126 48 17
132 124 60 10
162 124 30 3
179 124 15 4
124 190 29 12
191 124 60 20
125 3 45 18
125 32 46 4
125 80 43 15
91 125 3 13
125 116 64 5
125 137 27 4
125 156 21 9
165 125 22 7
166 125 5 19
125 167 4 12
168 125 10 15
125 170 45 11
74 126 28 10
82 126 56 17
126 178 40 1
126 179 60 12
55 127 13 16
127 110 45 7
127 115 59 13
130 127 22 19
127 138 26 2
195 127 55 14
22 128 6 1
128 30 57 16
128 86 54 19
128 105 39 17
141 128 51 14
150 128 19 4
162 128 56 3
169 128 17 1
171 128 35 6
173 128 20 3
128 182 52 10
128 190 36 6
43 129 60 7
73 129 14 2
129 106 24 3
152 129 42 20
129 158 27 20
159 129 29 7
129 180 11 18
188 129 11 8
197 129 14 4
129 199 16 7
53 131 18 11
131 116 32 15
131 145 46 12
161 131 7 2
131 170 28 18
181 131 35 12
131 185 2 18
131 189 43 13
4 132 19 9
7 132 25 13
34 132 48 6
69 132 57 3
132 98 62 1
132 128 60 3
147 132 18 1
150 132 41 9
132 169 39 13
171 132 36 1
178 132 54 3
132 182 53 15
190 132 37 19
132 191 5 5
133 28 13 3
133 45 3 3
75 133 59 14
153 133 13 20
154 133 53 16
133 163 64 18
176 133 3 6
133 186 38 6
19 134 8 10
134 67 43 6
134 100 55 7
142 134 62 18
90 135 19 17
135 93 33 6
135 108 50 4
135 140 9 9
156 135 31 11
136 32 9 3
136 72 18 9
136 97 28 5
136 131 37 15
143 136 44 18
146 136 39 2
136 149 35 11
136 189 2 15
21 137 44 19
59 137 51 12
137 66 45 17
68 137 5 20
83 137 42 9
123 137 16 9
148 137 23 20
99 138 30 4
130 138 35 18
146 138 42 4
138 183 10 7
193 138 14 7
65 139 25 19
139 119 43 15
121 139 7 8
139 151 62 15
155 139 53 18
139 159 20 3
176 139 12 13
197 139 33 5
140 75 27 13
111 140 38 8
140 122 38 6
4 141 15 6
47 141 64 3
111 141 49 11
141 150 54 8
141 157 37 17
160 141 45 13
169 141 19 6
141 198 43 7
64 142 18 14
142 81 12 8
158 142 27 20
143 32 7 17
131 143 9 9
145 143 21 9
146 143 24 10
143 149 60 15
143 161 45 15
143 168 38 10
143 184 29 5
189 143 63 2
4 144 41 16
41 144 27 16
144 51 42 16
78 144 43 2
144 84 51 8
144 128 58 6
144 141 44 8
173 144 2 7
53 145 50 9
72 145 36 19
88 145 18 13
161 145 18 2
145 185 32 11
146 25 3 20
146 89 26 17
146 168 12 1
195 146 41 10
196 146 10 8
147 22 61 5
34 147 35 1
147 69 23 17
147 111 2 12
128 147 37 4
147 141 59 4
144 147 43 18
173 147 63 8
148 10 10 1
25 148 47 20
37 148 35 8
148 59 33 19
83 148 19 16
89 148 3 4
148 102 53 11
165 148 32 6
166 148 59 3
148 168 11 5
148 172 27 5
148 174 24 1
148 177 33 1
194 148 25 15
196 148 46 10
149 14 21 16
104 149 8 18
149 131 59 9
161 149 29 15
149 181 53 12
149 189 34 2
150 4 42 15
150 42 46 8
150 94 64 12
150 160 21 2
171 150 6 13
173 150 32 18
182 150 42 5
191 150 15 15
151 9 63 2
17 151 12 1
151 36 2 6
151 50 13 12
151 154 52 18
151 155 54 14
176 151 17 4
186 151 58 19
152 27 37 13
152 80 55 15
170 152 27 8
152 181 63 10
152 199 42 19
15 153 33 15
118 153 43 20
153 119 7 4
151 153 64 20
176 153 20 2
154 1 16 17
154 17 64 10
154 24 35 3
45 154 45 20
122 154 14 1
153 154 5 8
155 154 29 12
155 28 29 6
155 40 60 19
155 108 18 16
155 153 13 17
155 159 59 1
155 176 14 1
197 155 19 3
156 3 23 11
26 156 2 3
156 43 28 14
156 44 31 8
156 79 5 7
112 156 26 8
156 167 6 8
192 156 45 6
16 157 43 20
17 157 28 14
157 60 22 2
157 76 25 14
85 157 56 18
157 111 3 6
157 144 34 13
157 164 1 17
157 173 32 17
157 198 49 15
158 64 64 7
73 158 30 10
180 158 27 1
159 96 13 6
112 159 38 8
159 180 35 9
188 159 62 4
16 160 46 16
57 160 8 9
160 69 55 12
160 84 56 17
85 160 31 2
160 128 8 3
160 147 58 1
160 157 8 14
164 160 11 13
182 160 1 15
198 160 33 1
161 184 31 2
162 105 37 11
150 162 14 14
162 171 57 14
162 182 3 15
191 162 31 14
163 175 51 8
57 164 46 5
85 164 2 19
164 122 4 3
135 164 60 7
173 164 25 3
164 198 41 11
10 165 20 1
165 59 34 3
165 68 49 19
71 165 33 9
165 92 53 13
137 165 5 19
166 165 50 18
167 165 36 2
192 165 37 9
166 3 7 2
166 49 52 9
166 71 15 6
93 166 25 18
166 156 51 5
166 167 26 10
166 168 7 10
167 91 25 9
192 167 4 3
3 168 6 10
71 168 13 12
137 168 5 18
189 168 3 9
169 22 58 13
169 78 46 4
147 169 44 19
169 150 21 6
171 169 40 18
182 169 22 3
3 170 29 20
170 61 32 2
170 72 27 5
106 170 46 11
112 170 50 20
170 167 59 11
181 170 5 18
188 170 29 16
171 94 58 12
171 144 59 19
160 171 32 6
182 171 6 18
171 191 57 4
20 172 52 9
35 172 51 17
172 63 7 18
68 172 47 1
74 172 9 3
172 102 22 18
172 105 35 18
137 172 14 2
172 174 61 18
172 177 60 20
179 172 1 4
172 190 3 6
194 172 33 4
173 51 49 10
56 173 51 16
173 85 36 10
173 141 43 3
173 160 23 7
173 198 59 14
174 5 55 14
37 174 54 14
174 87 36 11
174 95 42 1
174 97 41 12
115 174 56 13
146 174 27 20
177 174 28 13
174 196 56 14
76 175 49 12
175 113 5 9
186 175 33 15
175 187 26 19
176 15 40 15
176 24 47 6
176 50 57 4
176 90 33 8
176 108 29 10
186 176 44 5
177 5 59 6
74 177 2 6
87 177 35 7
177 120 59 15
179 177 62 17
177 194 14 3
196 177 64 3
178 11 60 14
178 63 6 20
178 70 53 2
86 178 7 15
178 107 17 9
178 109 40 18
124 178 20 13
162 178 59 20
178 179 57 14
178 190 55 2
7 179 7 17
35 179 41 3
63 179 50 20
102 179 21 20
174 179 7 16
179 190 2 10
112 180 50 13
152 180 23 17
180 156 37 4
180 192 52 8
197 180 30 19
180 199 55 20
181 103 41 4
114 181 7 1
181 143 55 20
181 167 26 17
4 182 7 20
105 182 43 1
182 173 16 2
182 190 41 19
55 183 37 6
127 183 52 12
145 183 42 1
184 183 13 20
195 183 51 16
184 72 22 17
88 184 19 10
184 136 28 18
146 184 29 13
149 184 56 11
184 185 3 14
189 184 1 1
185 143 42 10
149 185 52 7
183 185 62 5
186 36 12 13
186 76 27 5
186 85 10 5
122 186 4 3
154 186 1 16
29 187 64 16
187 163 46 6
27 188 49 16
188 43 54 10
96 188 16 5
188 152 1 12
188 156 16 8
180 188 35 10
188 192 12 17
55 189 53 15
115 189 46 5
196 189 54 2
12 190 48 10
190 34 62 11
42 190 49 3
190 63 39 17
86 190 29 5
190 105 60 8
190 107 24 2
191 42 9 10
105 191 64 13
128 191 11 20
178 191 19 17
182 191 56 9
80 192 60 8
192 96 62 17
122 192 42 9
135 192 12 11
6 193 34 2
193 12 49 6
193 33 41 16
193 87 27 18
102 193 60 9
115 193 49 6
194 193 2 6
193 196 8 4
5 194 17 8
12 194 33 11
194 58 39 12
66 194 9 14
194 99 9 18
117 194 2 16
194 146 26 4
194 196 31 16
195 32 2 18
55 195 7 11
88 195 25 6
89 195 10 19
195 138 14 12
195 145 30 6
195 168 16 13
195 184 60 2
195 189 35 5
196 195 13 4
5 196 55 16
33 196 2 13
196 97 60 16
196 102 60 14
172 196 33 11
197 40 30 15
197 159 15 10
197 199 59 5
198 41 4 20
198 47 56 19
56 198 21 14
111 198 14 4
140 198 31 19
144 198 27 15
198 147 59 17
171 198 37 16
199 2 60 16
199 43 38 10
199 61 28 1
96 199 40 16
188 199 57 17
