0 13 1 3
42 0 7 4
0 93 3 2
106 0 4 1
114 0 4 3
155 0 3 2
0 167 2 4
168 0 7 5
1 12 2 5
1 14 8 4
1 20 1 1
36 1 7 5
37 1 8 3
1 69 3 1
1 70 5 5
90 1 7 3
108 1 2 4
1 118 8 1
125 1 6 3
144 1 2 5
156 1 8 3
1 170 8 4
181 1 5 1
183 1 2 5
197 1 3 4
25 2 1 4
56 2 2 5
2 62 2 5
81 2 2 1
2 112 8 5
2 121 6 1
2 169 3 1
3 12 1 3
20 3 7 3
36 3 1 5
3 38 5 5
69 3 3 4
87 3 2 4
111 3 1 3
120 3 1 2
3 125 6 4
135 3 5 1
144 3 3 1
3 157 1 5
158 3 1 1
170 3 2 4
171 3 3 4
186 3 2 5
4 10 8 2
16 4 1 2
4 19 3 5
4 70 3 4
92 4 7 4
4 100 4 2
4 114 6 4
4 126 4 3
139 4 5 3
4 151 7 4
4 163 2 1
173 4 4 3
175 4 8 3
4 188 7 5
5 22 5 2
24 5 4 5
25 5 6 5
5 65 7 3
112 5 2 4
5 119 2 4
5 140 2 4
20 6 6 5
6 36 3 3
38 6 4 2
6 44 6 1
69 6 2 1
6 72 6 4
6 111 1 4
6 120 4 2
134 6 4 2
6 135 8 3
6 144 5 2
6 145 4 4
6 158 2 4
171 6 4 1
6 186 5 5
6 194 6 1
197 6 3 5
7 43 2 1
100 7 4 5
102 7 6 3
7 116 4 2
7 127 5 3
130 7 3 4
7 139 1 4
7 146 4 4
151 7 1 3
7 156 4 1
159 7 7 3
188 7 2 1
8 30 2 1
8 54 1 1
8 64 7 3
72 8 7 3
103 8 2 4
111 8 4 1
120 8 5 1
135 8 2 1
8 154 2 1
8 158 3 2
165 8 1 1
8 186 4 3
15 9 1 1
27 9 6 5
9 45 3 1
9 48 6 3
9 51 3 3
9 55 4 3
83 9 1 5
9 89 7 3
9 99 4 4
101 9 6 1
124 9 2 2
147 9 5 2
9 182 7 4
184 9 4 2
187 9 3 2
7 10 2 2
10 16 2 1
37 10 8 3
10 43 8 3
100 10 6 3
10 126 1 5
127 10 1 3
10 130 6 2
10 139 1 5
151 10 1 2
159 10 4 1
163 10 4 2
10 170 8 5
10 172 3 5
10 175 8 1
10 183 3 3
13 11 1 2
33 11 5 2
11 59 7 5
11 92 6 5
11 100 2 1
11 107 3 1
11 160 7 3
11 161 4 3
11 173 8 4
11 185 5 2
190 11 6 5
20 12 8 1
36 12 6 5
12 73 2 4
79 12 3 2
12 90 1 5
129 12 8 3
12 135 3 5
12 137 5 1
12 144 4 3
12 158 6 1
12 171 6 4
174 12 6 5
177 12 1 5
181 12 4 5
13 42 5 5
84 13 8 5
92 13 2 2
113 13 3 1
160 13 6 5
13 167 4 5
173 13 3 3
180 13 6 1
13 185 6 3
13 189 2 4
30 14 5 3
64 14 1 1
14 67 5 5
14 85 5 4
14 103 6 4
108 14 4 2
14 137 4 2
31 15 3 3
48 15 5 3
51 15 7 1
55 15 7 5
15 61 3 5
63 15 8 3
82 15 4 2
15 83 2 4
89 15 4 2
15 99 8 5
15 124 5 3
182 15 2 2
187 15 4 3
16 7 4 2
16 29 7 5
37 16 1 1
50 16 8 3
70 16 8 2
100 16 4 3
16 109 7 3
16 139 7 1
151 16 8 4
16 156 7 3
159 16 8 5
16 170 6 2
175 16 7 4
5 17 5 2
24 17 1 2
17 25 4 4
17 40 2 4
56 17 4 1
17 65 3 4
71 17 1 1
81 17 7 3
95 17 6 2
17 119 7 3
149 17 2 5
17 150 6 3
18 31 4 4
53 18 2 1
18 63 4 2
75 18 3 3
18 128 3 5
18 178 4 1
19 11 6 2
19 13 6 2
19 42 2 5
19 59 8 1
19 92 6 4
93 19 8 1
19 98 4 1
19 106 7 1
114 19 4 2
139 19 7 1
19 142 2 2
143 19 8 4
160 19 3 1
163 19 1 4
19 168 3 3
19 172 5 3
19 190 6 2
198 19 3 1
36 20 3 2
20 79 4 5
108 20 2 5
20 125 7 4
129 20 3 1
135 20 5 2
177 20 3 3
20 197 8 4
22 21 3 5
35 21 6 5
47 21 6 3
49 21 2 3
21 77 8 1
97 21 5 4
131 21 6 5
150 21 2 4
152 21 4 2
179 21 5 2
195 21 8 2
21 196 8 2
39 22 1 3
22 40 1 5
49 22 8 1
71 22 5 2
22 95 3 2
112 22 8 1
150 22 2 1
22 174 2 3
16 23 5 3
28 23 7 1
37 23 1 4
23 101 8 3
109 23 6 3
116 23 7 3
117 23 8 2
23 146 3 3
147 23 8 5
23 148 2 3
23 156 1 4
170 23 8 2
23 184 6 4
23 187 8 1
23 197 8 3
25 24 1 2
39 24 4 2
62 24 6 2
24 71 6 4
24 95 4 3
112 24 6 3
24 121 1 5
24 131 6 5
140 24 3 2
150 24 4 1
25 22 8 4
25 39 1 5
25 40 5 1
56 25 7 5
25 62 8 2
25 65 8 4
25 71 5 2
112 25 3 2
25 119 7 2
25 121 1 2
150 25 7 3
25 169 8 3
44 26 1 4
54 26 3 2
26 110 4 5
134 26 1 4
153 26 4 1
26 162 5 1
26 194 1 1
45 27 1 3
27 58 8 2
68 27 8 3
75 27 1 5
99 27 5 2
27 109 5 1
27 116 8 3
128 27 5 4
130 27 5 5
138 27 8 1
27 146 5 5
178 27 3 2
187 27 3 4
28 15 6 4
28 45 8 4
28 51 5 2
28 55 7 2
28 89 3 5
99 28 4 2
28 101 3 3
118 28 4 5
28 138 5 3
28 157 5 3
28 182 3 2
28 184 2 2
197 28 7 1
1 29 6 1
7 29 6 3
29 10 8 5
43 29 8 2
29 50 2 1
70 29 4 2
29 90 5 1
29 102 2 1
116 29 8 1
118 29 4 4
130 29 2 3
138 29 1 4
29 139 8 2
156 29 8 1
29 159 3 2
29 175 2 1
29 177 7 1
183 29 1 5
29 188 7 2
40 30 7 3
41 30 5 4
64 30 7 4
65 30 8 5
79 30 3 4
103 30 7 1
119 30 6 4
137 30 6 2
165 30 1 2
30 186 4 4
48 31 8 3
53 31 3 1
31 61 5 1
31 63 2 3
115 31 2 4
31 124 6 2
31 164 1 3
11 32 1 1
32 13 3 4
32 78 1 3
107 32 6 2
32 113 5 5
160 32 5 3
4 33 3 5
13 33 6 2
32 33 2 3
43 33 7 1
46 33 5 4
33 59 5 2
33 74 4 5
33 107 7 5
33 114 2 3
126 33 6 4
33 160 3 2
33 185 5 2
33 188 3 3
190 33 8 5
52 34 1 4
34 77 1 3
34 88 3 5
91 34 2 4
94 34 2 2
96 34 1 3
97 34 2 2
34 106 8 4
34 132 6 1
34 142 1 5
34 143 7 3
152 34 8 3
166 34 2 1
34 199 5 1
35 34 7 2
35 49 1 2
35 52 1 3
35 77 7 2
35 86 5 2
88 35 2 5
96 35 2 1
35 97 4 2
35 98 4 5
104 35 7 4
35 105 1 5
131 35 8 1
142 35 2 1
143 35 2 4
35 152 3 1
166 35 7 1
179 35 1 5
195 35 1 2
35 196 7 5
35 199 3 4
36 14 2 3
38 36 7 1
36 60 4 4
87 36 2 3
103 36 5 1
36 108 7 3
125 36 7 5
135 36 5 2
154 36 1 3
36 157 6 4
36 171 3 1
36 177 6 4
36 181 7 3
186 36 1 4
36 197 1 1
37 29 7 4
37 43 5 5
37 50 2 4
55 37 6 5
37 90 4 1
101 37 5 2
102 37 6 3
127 37 6 4
37 148 2 1
156 37 3 2
175 37 3 1
37 177 8 3
183 37 8 4
197 37 2 2
38 54 5 1
60 38 3 5
38 72 4 1
38 110 4 5
38 134 8 2
38 157 7 2
38 171 7 5
191 38 2 2
193 38 8 3
38 194 4 1
39 40 5 2
39 95 7 3
112 39 1 4
119 39 5 5
131 39 2 2
150 39 8 5
174 39 4 5
5 40 6 4
40 41 4 5
40 103 4 3
119 40 5 5
150 40 2 3
41 64 6 3
41 136 8 5
137 41 3 5
41 165 5 1
42 11 7 5
42 32 7 3
33 42 7 5
42 46 6 4
42 74 3 2
42 92 7 5
106 42 4 3
42 113 5 1
114 42 2 5
163 42 1 4
180 42 3 4
42 185 2 1
16 43 2 2
43 50 7 2
74 43 8 5
43 100 7 4
43 122 1 2
126 43 4 1
43 130 7 1
151 43 5 2
43 156 1 1
43 159 1 1
43 183 2 2
188 43 2 2
44 57 1 4
80 44 6 2
44 110 6 3
44 111 5 2
44 120 7 1
134 44 1 3
145 44 3 4
44 153 2 2
44 162 6 5
44 191 5 2
15 45 8 4
45 51 2 1
45 63 6 3
82 45 2 5
83 45 2 5
45 124 4 3
138 45 2 3
146 45 8 4
182 45 5 2
45 187 2 4
46 11 6 1
32 46 1 5
46 100 4 3
46 113 8 1
35 47 7 2
47 39 6 4
47 86 8 1
47 97 8 4
123 47 3 4
152 47 3 5
47 166 6 4
47 179 2 3
47 195 2 2
196 47 1 3
48 27 1 3
45 48 1 1
48 61 1 2
48 63 2 1
82 48 5 4
83 48 5 5
89 48 6 1
99 48 1 1
124 48 6 5
48 146 2 5
178 48 4 1
47 49 2 1
71 49 7 1
73 49 1 2
49 77 4 1
85 49 6 3
94 49 8 4
49 105 6 1
131 49 7 4
152 49 3 2
49 174 5 3
196 49 3 1
50 1 4 4
7 50 1 3
50 10 1 2
50 23 3 1
55 50 6 1
50 70 4 3
50 87 2 5
50 90 3 3
50 102 1 4
50 109 3 1
116 50 4 1
118 50 4 4
138 50 6 5
148 50 7 3
50 156 5 4
50 170 4 1
50 175 4 4
183 50 5 3
50 184 1 1
50 197 3 4
55 51 7 3
51 82 1 1
101 51 4 5
51 147 7 3
51 184 6 5
88 52 6 3
52 93 5 1
52 97 7 2
104 52 1 2
142 52 3 1
52 143 6 5
152 52 4 4
166 52 1 5
167 52 5 3
179 52 8 1
52 199 4 5
83 53 5 3
53 115 8 2
53 133 7 3
53 176 1 5
54 72 3 3
111 54 7 1
54 120 5 1
135 54 4 1
136 54 2 4
145 54 1 2
153 54 1 3
54 154 4 3
54 162 5 2
54 191 3 1
23 55 5 5
55 27 2 4
82 55 7 1
89 55 2 3
99 55 1 2
101 55 3 4
55 109 6 2
55 116 5 2
55 118 2 1
138 55 1 3
55 148 6 2
55 178 1 4
55 184 7 1
56 66 8 3
56 71 8 3
81 56 1 2
112 56 6 4
28 57 1 1
57 60 6 1
57 82 4 3
110 57 6 5
111 57 2 1
57 157 1 2
57 182 6 4
58 75 4 4
102 58 2 4
58 117 7 4
58 128 2 1
58 130 8 4
146 58 3 5
159 58 3 1
58 176 3 3
59 32 6 3
59 46 6 1
59 78 4 4
92 59 4 3
59 100 7 2
59 107 7 4
59 113 8 5
114 59 6 4
59 139 3 2
151 59 8 2
163 59 4 4
59 180 6 3
59 190 8 4
59 192 8 1
60 3 7 1
55 60 8 5
60 69 3 5
60 76 4 4
82 60 4 1
101 60 3 2
60 116 4 3
60 120 1 4
60 125 6 2
60 144 5 5
154 60 2 3
60 157 5 3
60 170 3 5
60 171 4 5
60 177 7 4
184 60 3 3
60 193 7 2
197 60 5 5
45 61 4 3
63 61 1 4
68 61 8 2
89 61 8 2
99 61 1 4
115 61 6 3
124 61 8 5
146 61 4 2
61 187 4 5
56 62 2 4
62 66 3 1
62 71 2 4
63 53 7 3
63 83 4 5
63 99 4 3
124 63 6 1
164 63 3 2
178 63 7 2
187 63 7 5
64 65 5 1
95 64 8 3
119 64 7 2
137 64 1 4
140 64 1 2
64 149 2 5
64 165 6 5
186 64 7 3
65 22 4 5
24 65 3 3
40 65 8 4
65 71 3 4
85 65 3 5
65 112 1 5
119 65 7 3
149 65 4 1
150 65 7 1
66 25 7 2
112 66 7 1
66 150 8 2
169 66 1 4
1 67 1 1
67 20 1 5
49 67 5 2
73 67 4 5
90 67 4 4
103 67 5 1
67 129 6 5
67 131 7 2
141 67 1 3
67 181 7 2
67 183 4 4
67 195 1 1
68 58 2 3
75 68 2 3
68 102 2 1
117 68 5 2
68 124 1 4
128 68 3 5
68 133 2 1
148 68 7 1
68 176 4 3
20 69 3 4
69 36 8 4
87 69 5 3
69 135 5 4
69 144 3 2
69 157 7 2
158 69 2 3
69 177 7 1
69 193 3 3
194 69 5 5
70 7 4 4
70 10 4 1
73 70 1 2
70 74 8 4
70 90 8 5
126 70 2 4
127 70 8 5
70 156 7 4
172 70 7 2
183 70 2 2
71 21 1 4
71 47 5 4
66 71 7 5
119 71 7 1
121 71 6 4
71 131 7 4
71 150 3 2
169 71 4 2
71 196 1 3
72 26 7 1
110 72 2 1
72 111 8 1
120 72 4 1
72 134 1 3
72 135 6 2
137 72 6 1
153 72 5 5
154 72 3 3
158 72 6 2
186 72 3 3
194 72 1 3
105 73 5 3
73 108 4 5
127 73 5 5
73 177 4 2
195 73 4 1
4 74 3 4
74 19 1 1
92 74 6 5
98 74 6 5
104 74 1 3
114 74 2 5
122 74 7 3
126 74 4 2
139 74 6 1
141 74 5 1
142 74 5 4
143 74 5 4
172 74 4 2
74 173 6 3
74 175 2 5
183 74 1 4
185 74 2 2
190 74 5 1
75 61 4 2
102 75 1 4
109 75 2 2
75 133 1 5
146 75 8 5
28 76 6 4
80 76 4 1
82 76 6 1
157 76 2 3
193 76 5 5
91 77 1 5
93 77 3 1
97 77 5 2
105 77 3 2
77 122 1 3
77 132 6 5
77 142 8 5
77 179 7 3
195 77 8 4
196 77 7 4
199 77 3 3
11 78 1 2
33 78 1 1
107 78 2 2
78 163 4 1
79 40 8 1
79 41 2 2
79 64 2 2
95 79 2 5
103 79 5 2
79 135 8 1
149 79 7 2
165 79 4 2
80 57 7 1
111 80 5 1
145 80 1 3
153 80 8 1
80 193 7 1
194 80 4 3
25 81 5 5
81 62 5 3
66 81 5 5
81 71 1 2
112 81 1 3
169 81 5 3
89 82 1 1
82 157 1 4
178 82 2 2
184 82 4 1
82 187 5 2
193 82 4 5
31 83 4 3
61 83 7 5
83 99 3 2
124 83 8 1
128 83 4 1
83 133 7 3
146 83 5 5
178 83 8 3
187 83 5 4
84 0 4 2
106 84 8 1
84 155 8 2
84 161 1 5
168 84 6 4
5 85 6 1
85 17 7 1
22 85 8 3
85 24 8 3
85 40 4 4
85 71 6 5
85 108 4 4
85 112 1 3
131 85 3 5
85 140 5 5
150 85 6 5
85 174 6 2
181 85 3 4
34 86 4 1
77 86 6 5
86 88 1 4
94 86 6 3
97 86 5 4
104 86 7 2
86 132 8 5
86 152 3 5
86 166 1 5
179 86 3 1
1 87 2 1
87 12 3 5
87 14 4 4
87 20 5 3
87 37 2 5
67 87 2 2
90 87 1 1
87 108 6 2
127 87 3 1
129 87 1 4
141 87 6 3
156 87 5 1
87 170 7 1
87 174 1 5
87 177 8 4
87 197 7 2
91 88 1 2
88 96 1 5
97 88 5 4
196 88 2 4
88 199 4 5
27 89 1 1
89 45 2 4
51 89 7 5
89 99 5 2
89 101 5 4
89 109 4 1
89 124 4 3
89 146 4 2
89 147 4 4
178 89 5 2
89 182 5 5
89 184 2 5
89 187 1 5
90 20 7 4
73 90 6 1
90 108 4 5
90 127 4 3
129 90 8 2
141 90 7 4
170 90 1 4
90 174 2 5
90 175 6 1
177 90 1 5
90 183 6 1
35 91 3 2
52 91 3 2
93 91 6 3
91 94 7 3
97 91 1 1
91 104 4 5
132 91 4 3
166 91 1 1
179 91 2 1
91 196 4 4
199 91 1 4
33 92 6 3
100 92 3 2
92 106 5 2
113 92 4 5
92 122 6 4
92 126 5 4
139 92 2 5
142 92 8 4
92 160 8 3
92 168 1 4
173 92 2 4
92 185 2 5
188 92 3 3
190 92 3 3
93 34 1 4
35 93 2 2
96 93 4 5
106 93 3 4
93 132 6 4
93 142 7 3
152 93 8 3
93 166 8 1
93 167 1 2
179 93 4 3
93 190 7 2
93 199 5 5
94 77 5 5
88 94 1 4
94 123 7 1
94 152 2 1
179 94 7 4
196 94 2 2
5 95 5 4
95 25 5 3
95 30 2 2
95 40 2 3
85 95 6 2
103 95 1 3
95 140 7 2
149 95 2 3
150 95 3 3
165 95 8 1
96 52 4 1
96 77 1 2
86 96 5 3
96 104 2 4
96 106 2 5
96 132 3 4
142 96 8 3
96 143 2 5
96 166 2 5
167 96 3 5
168 96 3 5
179 96 8 3
96 185 8 5
97 49 5 2
97 152 8 4
166 97 6 5
97 195 7 5
199 97 3 1
52 98 7 1
77 98 6 3
92 98 2 5
98 96 3 5
98 104 8 4
106 98 1 2
114 98 1 5
98 122 8 2
126 98 8 3
98 142 8 5
143 98 1 1
172 98 8 2
173 98 1 3
98 179 5 5
185 98 1 3
99 31 5 3
124 99 8 5
138 99 2 1
99 146 8 5
147 99 3 1
99 178 5 1
32 100 1 2
100 33 7 3
102 100 5 2
126 100 5 3
159 100 4 5
100 175 5 3
101 27 7 3
101 50 7 1
76 101 6 4
101 116 4 3
101 138 5 2
101 170 5 3
101 184 7 1
101 187 4 3
101 193 3 3
102 16 5 5
23 102 2 5
102 43 8 5
109 102 4 1
128 102 5 4
146 102 1 2
102 148 3 1
102 175 1 5
188 102 2 3
12 103 1 2
20 103 4 4
103 41 8 4
103 119 4 1
103 135 4 1
103 137 7 3
103 174 8 1
181 103 4 3
103 186 8 1
104 21 4 5
104 49 1 3
77 104 8 3
104 88 5 4
93 104 1 5
97 104 2 2
106 104 8 5
132 104 4 3
142 104 5 4
104 166 1 2
185 104 2 2
21 105 1 4
39 105 4 1
88 105 2 5
94 105 5 2
97 105 3 5
105 150 5 1
174 105 3 2
196 105 5 4
106 13 1 1
106 52 8 3
106 77 3 2
106 132 7 5
142 106 2 4
106 152 5 1
167 106 6 3
106 185 2 1
106 199 2 5
107 46 7 3
107 113 6 5
151 107 1 5
163 107 5 4
12 108 4 3
108 129 2 3
108 141 4 5
108 144 4 4
174 108 7 1
183 108 7 3
109 29 5 1
109 68 3 3
109 116 3 4
109 117 6 1
128 109 6 1
130 109 8 4
109 138 4 3
109 146 1 5
109 147 8 4
187 109 2 1
6 110 6 3
110 54 8 5
80 110 6 1
111 110 7 5
110 134 7 5
110 135 1 5
110 153 2 3
154 110 8 1
110 191 6 2
193 110 2 1
111 26 5 4
38 111 4 1
111 69 1 5
134 111 5 3
145 111 1 1
111 157 5 4
191 111 1 2
193 111 1 1
194 111 8 3
112 17 4 4
150 112 4 3
11 113 5 4
113 78 7 5
114 113 3 1
113 161 7 2
113 163 7 4
113 173 7 5
13 114 5 2
93 114 1 3
126 114 7 5
114 142 6 4
143 114 4 2
114 163 8 2
172 114 1 4
114 185 7 1
190 114 5 4
198 114 2 2
18 115 4 5
63 115 2 1
133 115 3 3
176 115 1 4
37 116 6 3
82 116 7 1
116 117 1 2
146 116 3 2
148 116 2 4
116 156 6 5
116 170 3 1
187 116 1 5
16 117 6 4
27 117 6 1
102 117 2 1
117 138 8 2
117 146 8 1
148 117 3 1
117 151 2 4
187 117 6 3
7 118 5 4
118 27 6 3
37 118 6 5
60 118 4 2
118 101 5 3
118 116 1 5
125 118 1 1
118 127 1 1
138 118 3 5
118 148 6 2
118 156 8 2
118 157 1 2
170 118 1 1
118 177 1 5
184 118 6 2
197 118 7 4
22 119 7 2
79 119 1 5
119 95 1 5
119 131 5 1
140 119 4 1
119 149 5 3
150 119 5 3
119 174 2 2
120 36 2 1
120 134 7 4
135 120 7 4
120 137 5 4
120 144 7 2
120 154 6 4
157 120 5 1
17 121 8 4
56 121 3 1
121 62 1 1
121 81 3 3
121 112 4 3
150 121 8 2
121 169 4 3
4 122 5 5
19 122 8 4
33 122 8 4
70 122 1 3
104 122 5 5
141 122 3 1
142 122 8 1
173 122 3 2
175 122 3 5
122 190 2 5
123 71 8 4
169 123 1 1
18 124 2 3
124 27 2 5
53 124 6 2
124 58 6 2
124 115 5 4
117 124 8 5
124 133 4 3
124 146 6 3
147 124 5 2
176 124 6 2
124 178 2 3
125 6 8 2
125 38 8 3
69 125 1 4
125 87 5 2
101 125 1 2
120 125 6 3
135 125 6 1
154 125 4 4
156 125 1 3
157 125 6 1
158 125 4 1
125 170 2 2
171 125 8 2
177 125 7 2
19 126 3 2
126 139 7 2
141 126 1 5
126 142 1 4
143 126 7 5
163 126 5 5
126 172 8 3
126 188 6 1
127 1 1 4
127 43 6 3
50 127 1 1
127 116 5 5
127 129 8 3
139 127 7 5
156 127 7 5
170 127 7 4
127 177 1 5
53 128 2 2
61 128 1 1
128 117 1 4
124 128 2 5
128 130 5 3
133 128 4 4
146 128 6 4
128 176 5 5
187 128 6 1
1 129 7 5
70 129 5 2
129 73 7 5
141 129 5 1
129 144 1 4
156 129 3 4
174 129 2 4
177 129 6 2
129 181 6 3
183 129 4 5
16 130 1 2
130 68 3 2
130 100 2 1
130 102 6 2
117 130 2 4
130 138 3 4
146 130 3 4
130 159 2 2
175 130 8 3
131 22 7 3
47 131 5 1
97 131 5 3
174 131 3 1
131 181 2 4
195 131 7 4
52 132 7 2
167 132 4 5
179 132 8 4
31 133 3 5
146 133 6 3
133 164 6 5
134 8 6 1
54 134 1 1
134 136 1 3
134 145 6 1
134 153 7 1
134 154 2 4
186 134 5 3
191 134 6 5
134 194 6 1
135 14 5 5
135 38 6 3
87 135 7 4
134 135 2 4
135 144 3 5
145 135 6 5
158 135 3 4
171 135 6 1
135 186 2 5
8 136 2 3
136 72 5 4
136 137 5 1
20 137 1 1
137 79 7 5
137 134 4 5
137 135 1 2
158 137 4 4
137 186 1 4
7 138 4 4
138 23 1 1
138 116 1 2
138 127 1 4
146 138 2 2
138 148 6 2
156 138 3 1
178 138 8 1
197 138 4 5
70 139 8 3
139 114 8 3
139 151 3 1
173 139 4 3
139 175 3 1
139 188 3 5
139 190 7 3
140 22 5 2
30 140 5 1
40 140 6 4
140 79 3 2
150 140 7 5
140 165 3 2
1 141 3 4
70 141 6 3
141 127 3 1
156 141 4 1
172 141 2 3
177 141 1 2
141 195 4 2
168 142 8 2
142 172 4 5
173 142 7 2
142 179 3 5
142 185 2 5
4 143 5 1
42 143 4 5
93 143 8 1
104 143 3 2
122 143 7 3
152 143 6 4
143 167 6 5
168 143 7 2
172 143 6 4
173 143 2 2
143 179 3 4
143 185 5 4
190 143 3 1
143 199 6 5
14 144 8 5
36 144 3 5
38 144 5 4
144 154 6 4
158 144 1 2
171 144 2 1
177 144 6 2
144 181 8 3
144 197 2 4
26 145 6 1
145 120 6 3
154 145 5 4
162 145 4 5
186 145 6 2
191 145 8 4
145 194 8 3
146 18 8 3
68 146 7 5
146 147 5 5
148 146 2 4
176 146 3 4
178 146 5 5
146 187 4 1
15 147 4 2
147 55 5 1
147 82 5 3
147 101 5 3
147 116 5 2
178 147 1 2
184 147 7 2
187 147 3 5
7 148 2 2
148 10 2 3
16 148 6 5
148 27 7 3
29 148 5 3
148 109 4 4
148 130 4 4
159 148 4 1
187 148 5 3
149 5 3 2
149 30 5 4
149 85 2 4
149 140 5 2
5 150 3 2
150 47 1 3
62 150 1 1
150 131 6 5
33 151 6 1
151 100 7 2
102 151 6 2
151 159 6 3
151 175 6 4
77 152 7 3
88 152 6 2
91 152 3 3
152 96 8 4
98 152 4 5
105 152 3 2
152 132 7 1
152 166 8 2
152 179 7 1
196 152 1 2
152 199 4 1
38 153 2 4
153 111 7 2
153 191 2 2
3 154 8 2
38 154 8 5
154 69 7 1
154 111 5 4
154 135 3 4
153 154 4 3
154 171 7 3
186 154 7 3
154 194 7 4
155 13 7 1
106 155 8 2
155 160 8 3
155 168 4 5
155 198 5 4
156 10 8 1
170 156 2 4
157 6 8 1
101 157 7 4
157 110 2 2
116 157 5 5
157 154 2 4
171 157 5 2
182 157 7 2
193 157 5 5
14 158 2 3
158 20 2 5
38 158 1 2
60 158 1 3
158 110 2 3
158 120 7 3
158 157 4 1
177 158 2 2
158 186 3 1
158 197 3 4
59 159 2 1
102 159 8 1
160 0 5 5
42 160 7 1
160 84 8 2
160 113 8 3
114 160 5 1
167 160 6 1
160 168 8 2
160 180 1 5
189 160 8 2
160 190 3 2
160 198 3 5
0 161 3 2
161 167 4 5
161 185 3 5
161 189 7 2
162 153 8 2
162 191 8 1
163 16 1 3
163 32 1 4
33 163 1 3
43 163 6 1
163 46 7 2
163 74 5 2
92 163 4 1
163 100 7 3
163 122 2 3
139 163 1 2
163 151 4 5
163 159 3 4
163 172 5 5
173 163 5 4
163 175 2 2
188 163 1 5
18 164 4 5
164 53 2 3
164 115 1 2
164 124 7 3
165 5 1 1
103 165 8 2
136 165 5 1
165 137 8 2
165 186 5 3
166 21 4 3
77 166 7 5
88 166 5 4
166 199 2 4
167 34 2 3
167 98 1 5
114 167 4 5
167 142 6 1
155 167 8 3
168 167 4 2
185 167 4 5
167 199 6 2
13 168 4 5
98 168 7 4
106 168 7 3
114 168 7 2
161 168 3 5
173 168 6 2
189 168 7 4
169 56 7 1
62 169 4 2
169 112 4 1
37 170 7 5
70 170 8 3
170 148 7 4
175 170 7 1
170 177 7 5
184 170 7 4
170 197 8 2
1 171 8 3
171 20 4 2
69 171 1 4
87 171 3 4
171 110 5 1
171 118 2 2
120 171 6 5
158 171 8 5
177 171 8 4
171 186 6 4
193 171 3 4
171 194 8 4
172 4 5 2
172 33 3 3
172 43 4 2
92 172 1 3
172 139 7 2
172 173 4 5
175 172 3 3
172 183 5 5
188 172 4 4
172 190 6 3
33 173 6 2
173 100 8 2
106 173 8 1
173 114 7 2
126 173 3 3
160 173 3 5
188 173 8 5
190 173 3 5
14 174 2 5
20 174 5 2
141 174 8 4
181 174 4 1
174 195 4 3
175 7 4 5
175 43 4 4
70 175 2 2
126 175 2 1
141 175 6 5
159 175 6 1
175 183 2 3
176 18 4 5
61 176 4 2
176 83 5 4
133 176 4 3
1 177 6 2
177 3 7 3
50 177 3 5
177 70 8 5
116 177 5 2
177 183 6 4
177 197 5 5
45 178 7 1
178 51 5 2
53 178 5 2
178 61 5 2
178 182 2 3
88 179 1 5
179 97 2 5
179 104 6 5
179 105 4 4
106 179 8 4
179 195 7 4
179 199 3 5
180 11 7 2
78 180 1 3
180 107 4 4
181 20 8 2
73 181 6 1
181 87 1 2
181 108 8 1
141 181 5 5
48 182 1 5
182 55 6 1
182 82 5 4
182 101 7 5
147 182 8 2
184 182 8 5
182 187 5 5
193 182 3 5
126 183 7 5
183 127 8 2
156 183 5 4
195 183 2 4
27 184 8 1
184 116 3 2
138 184 3 1
184 178 6 5
184 187 1 3
184 193 2 1
197 184 3 1
52 185 4 2
93 185 8 4
160 185 7 3
185 190 4 3
185 198 3 5
185 199 7 1
12 186 5 4
186 14 8 3
20 186 1 5
186 41 4 1
186 79 5 2
111 186 1 5
18 187 7 1
187 28 5 1
48 187 7 2
55 187 7 4
124 187 1 4
187 138 8 2
19 188 8 1
59 188 1 2
74 188 6 2
122 188 4 2
188 151 4 2
188 175 7 5
189 0 8 3
189 11 1 1
189 42 2 5
84 189 1 2
189 180 6 1
198 189 5 5
190 4 8 1
42 190 3 1
98 190 7 1
190 106 3 5
190 163 5 5
168 190 6 4
188 190 5 1
190 198 1 3
191 72 7 5
191 154 3 1
191 194 3 2
192 32 4 2
192 78 8 1
100 192 6 3
107 192 2 3
192 151 4 3
192 159 5 1
163 192 6 3
3 193 1 4
193 6 1 1
193 28 5 1
57 193 3 3
125 193 4 1
197 193 2 1
54 194 7 4
110 194 1 3
194 120 8 5
153 194 6 4
157 194 5 4
194 158 8 3
194 193 5 2
39 195 2 1
105 195 3 1
152 195 5 5
196 195 6 2
39 196 2 3
86 196 3 2
196 97 8 2
123 196 8 4
197 3 6 4
101 197 5 5
120 197 4 2
197 156 2 5
157 197 5 5
42 198 3 3
198 84 7 5
161 198 1 3
168 198 4 3
86 199 3 3
199 98 6 1
199 132 5 5
199 142 6 1
168 199 7 3
