17 0 1 2
22 0 2 2
0 40 7 5
0 52 4 5
69 0 7 1
0 93 7 4
8 1 6 5
1 68 4 1
20 2 1 4
31 2 7 4
35 2 2 4
38 2 3 2
2 42 3 4
2 48 4 3
2 50 8 3
75 2 6 2
9 3 1 5
3 47 8 5
3 65 5 3
3 70 4 1
3 91 2 2
98 3 8 4
7 4 2 3
4 47 8 3
4 57 6 5
65 4 1 2
4 91 8 5
5 13 8 4
5 32 1 1
58 5 1 4
6 34 4 3
53 6 8 4
61 6 1 5
6 79 3 3
6 85 7 1
6 87 7 1
47 7 2 1
57 7 3 4
7 65 6 1
91 7 5 4
10 8 6 3
24 8 6 4
68 8 5 1
8 92 8 2
13 9 8 2
18 9 3 3
33 9 8 3
9 36 7 2
9 73 7 4
76 9 8 5
9 78 7 3
9 86 7 3
10 1 8 4
25 10 6 2
10 26 4 3
10 55 1 3
10 92 4 4
11 2 2 1
23 11 3 3
35 11 6 2
50 11 2 3
11 71 3 2
11 80 3 5
11 81 8 4
90 11 5 1
95 11 4 5
97 11 3 3
22 12 2 2
56 12 8 4
83 12 2 3
36 13 5 2
53 13 5 1
13 67 8 1
72 13 7 5
13 76 7 1
13 98 5 3
14 27 5 5
41 14 2 4
43 14 3 1
78 14 3 1
82 14 6 2
15 16 7 3
20 15 7 2
31 15 5 5
15 43 4 1
45 15 8 5
82 15 2 1
15 89 3 4
95 15 4 4
16 17 5 4
16 41 7 2
45 16 8 1
82 16 1 4
16 83 3 5
16 89 4 5
17 22 6 4
17 66 3 4
69 17 8 2
83 17 7 3
17 88 7 1
17 89 4 3
13 18 8 2
18 33 5 5
18 36 3 5
58 18 5 5
18 67 1 5
18 73 1 5
18 76 4 5
18 86 6 2
18 98 3 1
80 19 4 1
11 20 5 1
27 20 1 1
31 20 1 1
42 20 1 2
75 20 6 5
81 20 5 1
90 20 5 2
20 95 6 4
21 8 2 1
10 21 2 3
21 25 8 5
88 21 2 5
92 21 2 5
22 40 4 1
22 52 6 1
69 22 6 2
93 22 4 1
2 23 8 3
31 23 4 3
23 35 7 1
23 48 7 5
23 49 5 2
75 23 6 3
23 95 5 5
10 24 5 3
24 21 8 1
24 25 7 3
24 55 3 3
24 68 7 2
88 24 1 3
92 24 4 1
1 25 1 3
92 25 7 5
26 40 3 1
26 68 7 4
27 6 5 1
15 27 2 3
27 34 1 3
61 27 2 3
27 87 5 5
27 90 7 4
29 28 7 2
28 30 4 5
28 47 6 4
28 54 6 2
28 56 8 5
63 28 8 4
65 28 2 2
30 29 4 1
46 29 7 1
54 29 7 3
93 29 8 1
30 54 2 5
63 30 1 5
31 11 6 5
38 31 1 4
31 48 3 2
31 49 8 1
31 59 1 5
31 81 3 5
32 13 3 1
32 53 4 2
32 67 5 4
72 32 2 2
74 32 6 3
76 32 5 1
85 32 3 2
13 33 3 5
33 32 3 1
53 33 1 3
58 33 5 4
67 33 8 4
74 33 4 4
33 76 1 1
33 78 4 3
85 33 4 5
33 86 6 3
34 39 7 4
60 34 6 5
64 34 2 4
34 74 5 2
76 34 8 4
79 34 4 1
34 85 2 1
34 87 7 1
35 20 7 2
35 38 8 3
42 35 5 2
35 48 5 5
71 35 4 3
35 81 5 1
95 35 7 5
36 58 5 3
36 73 6 1
36 86 1 4
0 37 1 2
12 37 4 5
40 37 7 4
37 44 3 2
46 37 7 1
51 37 6 1
52 37 3 5
37 56 5 3
37 69 2 4
93 37 6 4
99 37 7 2
38 42 8 5
38 75 1 1
38 81 2 5
95 38 2 5
39 27 1 5
39 53 7 2
39 60 5 2
64 39 1 5
74 39 8 5
77 39 1 5
93 40 7 3
12 41 5 1
41 15 7 4
43 41 2 1
41 44 6 1
41 45 6 1
41 69 3 2
41 78 8 5
94 41 1 5
41 99 3 2
95 42 7 2
43 16 6 2
45 43 8 1
43 78 4 1
43 99 4 3
3 44 8 5
12 44 5 1
43 44 2 2
44 56 2 1
69 44 5 1
78 44 2 1
44 82 1 1
44 94 7 5
44 99 1 1
45 82 1 5
45 83 5 5
45 89 2 4
46 0 7 1
22 46 7 3
46 54 2 1
56 46 7 4
47 54 8 4
56 47 4 3
57 47 3 2
47 65 1 3
47 91 1 5
48 49 4 2
48 59 7 4
66 48 4 1
71 48 2 4
48 84 1 3
49 59 4 3
66 49 2 4
49 84 7 5
35 50 7 1
50 62 6 5
50 81 3 5
90 50 2 2
50 97 6 4
3 51 5 5
44 51 5 4
51 57 1 5
69 51 5 1
91 51 3 2
26 52 7 4
52 40 3 1
52 46 2 1
67 53 6 4
74 53 5 1
54 63 4 5
54 93 5 1
55 49 6 4
55 66 4 3
55 88 5 3
92 55 5 4
56 29 3 3
51 56 7 2
56 91 1 3
3 57 7 4
57 70 6 3
73 57 1 4
58 67 1 4
58 86 4 2
59 23 1 4
59 55 3 2
6 60 1 3
60 27 4 4
60 62 7 3
60 64 2 3
60 79 1 5
60 90 5 3
61 39 1 1
60 61 7 3
61 62 4 3
61 64 4 1
61 77 8 5
87 61 7 4
90 61 8 5
62 6 8 1
42 62 1 4
64 62 3 4
87 62 8 4
90 62 6 4
62 96 8 2
64 6 2 2
27 64 8 5
64 79 8 4
87 64 3 5
96 64 3 1
56 65 1 3
65 70 1 4
9 67 5 3
36 67 4 5
67 86 1 1
68 21 2 2
25 68 8 5
68 92 3 2
70 73 1 2
70 91 3 2
71 2 4 3
71 23 5 3
31 71 4 4
71 81 2 4
95 71 4 5
72 5 1 3
72 18 8 2
36 72 1 3
86 72 5 1
73 3 5 2
73 98 4 5
76 74 1 5
85 74 6 5
11 75 6 4
75 35 7 3
42 75 3 5
75 50 8 2
81 75 2 1
75 95 4 3
72 76 3 1
76 86 8 2
20 77 7 5
77 27 5 2
60 77 2 3
77 62 7 2
77 64 4 3
77 79 6 2
77 87 4 3
77 90 7 5
77 96 6 1
97 77 6 5
3 78 4 4
81 2 2 3
23 81 8 5
42 81 7 2
80 81 5 3
90 81 7 4
95 81 8 4
81 97 2 1
82 43 4 3
82 78 3 4
94 82 8 4
82 99 5 5
22 83 1 3
84 24 1 2
55 84 4 3
59 84 6 3
14 85 4 3
85 53 7 4
85 76 5 1
87 85 6 4
96 85 8 2
73 86 1 5
87 60 3 3
96 87 5 3
8 88 3 4
10 88 3 2
26 88 1 5
88 92 7 3
89 41 3 5
90 42 3 3
64 90 5 5
97 90 8 1
57 91 8 4
92 84 3 3
93 46 3 4
9 94 5 5
94 33 6 2
94 78 3 2
98 94 7 1
99 94 1 2
95 2 6 3
95 50 2 5
90 95 1 5
6 96 6 1
27 96 1 5
96 34 7 5
39 96 5 5
61 96 4 5
79 96 2 2
97 19 6 2
80 97 4 3
9 98 1 1
98 33 3 2
67 98 4 5
72 98 4 4
76 98 6 1
99 12 3 5
16 99 2 3
99 69 6 5
89 99 6 1
